EDGE_ODO 0 1 0.000000 0.000000 -0.000642
EDGE_ODO 1 2 0.000000 0.000000 -0.000538
EDGE_ODO 2 3 0.011003 -0.000962 -0.002382
EDGE_ODO 3 4 0.630039 -0.007981 -0.003882
EDGE_ODO 4 5 0.055010 -0.000106 -0.091282
EDGE_ODO 5 6 0.004599 -0.003282 -0.797272
EDGE_ODO 6 7 -0.019286 0.007346 -0.615537
EDGE_ODO 7 8 -0.022127 0.006629 -0.613534
EDGE_ODO 8 9 -0.021138 0.006734 -0.638070
EDGE_ODO 9 10 -0.012731 0.002805 -0.614531
EDGE_ODO 10 11 -0.004733 0.001621 -0.674279
EDGE_ODO 11 12 0.000807 -0.000605 -0.649474
EDGE_ODO 12 13 0.017463 -0.005758 -0.659498
EDGE_ODO 13 14 0.024327 -0.007794 -0.608239
EDGE_ODO 14 15 0.008665 -0.002176 -0.524928
EDGE_ODO 15 16 0.300013 0.002659 -0.018692
EDGE_ODO 16 17 0.618894 -0.006590 -0.031228
EDGE_ODO 17 18 0.644399 0.002908 -0.010177
EDGE_ODO 18 19 0.657345 -0.022632 -0.048576
EDGE_ODO 19 20 0.644638 0.002939 0.010643
EDGE_ODO 20 21 0.643768 0.040732 0.117695
EDGE_ODO 21 22 0.641586 -0.019837 0.022682
EDGE_ODO 22 23 0.642142 0.071066 0.114072
EDGE_ODO 23 24 0.642775 -0.026027 -0.050939
EDGE_ODO 24 25 0.645593 0.014612 0.008602
EDGE_ODO 25 26 0.612608 -0.020554 -0.040332
EDGE_ODO 26 27 0.617908 0.014448 0.016074
EDGE_ODO 27 28 0.585700 -0.007698 -0.004161
EDGE_ODO 28 29 0.378831 0.003536 0.031104
EDGE_ODO 29 30 0.007031 -0.000919 -0.531386
EDGE_ODO 30 31 0.172814 -0.047579 -0.267833
EDGE_ODO 31 32 0.643089 -0.013458 -0.018151
EDGE_ODO 32 33 0.641505 0.012210 0.053138
EDGE_ODO 33 34 0.642958 0.012818 0.023470
EDGE_ODO 34 35 0.642138 0.012026 0.036992
EDGE_ODO 35 36 0.646989 -0.005904 -0.005774
EDGE_ODO 36 37 0.422413 0.003265 0.010657
EDGE_ODO 37 38 0.004147 -0.000362 -0.316561
EDGE_ODO 38 39 0.031682 -0.005795 -0.166903
EDGE_ODO 39 40 0.628745 0.004932 0.020565
EDGE_ODO 40 41 0.654706 -0.007135 -0.028394
EDGE_ODO 41 42 0.615233 -0.005892 -0.018963
EDGE_ODO 42 43 0.646018 -0.015551 -0.036078
EDGE_ODO 43 44 0.644889 -0.007273 -0.032646
EDGE_ODO 44 45 0.642617 -0.019475 -0.055423
EDGE_ODO 45 46 0.643577 -0.008674 -0.019276
EDGE_ODO 46 47 0.643124 -0.007411 -0.041538
EDGE_ODO 47 48 0.647528 -0.005000 -0.006399
EDGE_ODO 48 49 0.643552 -0.004657 -0.050649
EDGE_ODO 49 50 0.613650 -0.021431 -0.044298
EDGE_ODO 50 51 0.614419 0.001282 -0.030028
EDGE_ODO 51 52 0.612275 -0.025515 -0.077517
EDGE_ODO 52 53 0.589010 0.013532 0.011867
EDGE_ODO 53 54 0.549942 -0.015900 -0.062397
EDGE_ODO 54 55 -0.007990 -0.000400 0.004985
EDGE_ODO 55 56 0.031075 -0.000065 0.010280
EDGE_ODO 56 57 0.661651 0.003067 -0.011448
EDGE_ODO 57 58 0.651514 0.005099 0.046426
EDGE_ODO 58 59 0.644894 -0.007287 -0.023143
EDGE_ODO 59 60 0.641666 0.006484 0.022061
EDGE_ODO 60 61 0.644092 -0.013088 -0.049766
EDGE_ODO 61 62 0.610542 0.010202 0.039027
EDGE_ODO 62 63 0.615687 -0.014578 -0.037143
EDGE_ODO 63 64 0.614457 0.023223 0.060765
EDGE_ODO 64 65 0.613126 -0.015622 -0.054905
EDGE_ODO 65 66 0.642083 0.005221 -0.012134
EDGE_ODO 66 67 0.644032 -0.000439 -0.003525
EDGE_ODO 67 68 0.480969 0.003132 -0.018150
EDGE_ODO 68 69 0.010004 -0.000372 -0.158022
EDGE_ODO 69 70 0.007781 -0.000530 -0.680912
EDGE_ODO 70 71 -0.005768 0.002595 -0.648935
EDGE_ODO 71 72 0.000000 0.000000 -0.011790
EDGE_ODO 72 73 0.003590 -0.000252 -0.067514
EDGE_ODO 73 74 0.003377 -0.001263 -0.627884
EDGE_ODO 74 75 0.001263 0.000666 -0.356531
EDGE_ODO 75 76 0.014525 0.005731 0.687334
EDGE_ODO 76 77 0.012722 0.001600 0.229532
EDGE_ODO 77 78 0.282617 0.095127 0.333053
EDGE_ODO 78 79 0.636095 0.008032 -0.007625
EDGE_ODO 79 80 0.646911 -0.030410 -0.077284
EDGE_ODO 80 81 0.639697 -0.008063 -0.028569
EDGE_ODO 81 82 0.643152 -0.022848 -0.050289
EDGE_ODO 82 83 0.640259 -0.000745 -0.019030
EDGE_ODO 83 84 0.642213 -0.028725 -0.071607
EDGE_ODO 84 85 0.642807 -0.004171 0.013937
EDGE_ODO 85 86 0.729089 -0.020666 -0.079989
EDGE_ODO 86 87 0.611674 -0.018501 -0.038112
EDGE_ODO 87 88 0.363613 -0.001497 -0.025112
EDGE_ODO 88 89 0.022194 0.007878 0.405075
EDGE_ODO 89 90 0.645333 -0.002553 -0.026790
EDGE_ODO 90 91 0.653796 0.009633 0.053106
EDGE_ODO 91 92 0.637138 -0.022076 -0.111746
EDGE_ODO 92 93 0.640542 -0.048819 -0.097619
EDGE_ODO 93 94 0.639915 -0.019948 -0.040363
EDGE_ODO 94 95 0.643361 0.058181 0.138081
EDGE_ODO 95 96 0.638452 0.002717 0.020015
EDGE_ODO 96 97 0.615807 -0.026362 -0.075608
EDGE_ODO 97 98 0.610633 -0.021924 -0.063326
EDGE_ODO 98 99 0.729556 0.014258 0.041080
EDGE_ODO 99 100 0.585696 -0.025742 -0.058133
EDGE_ODO 100 101 0.637186 0.067759 0.095665
EDGE_ODO 101 102 0.646556 -0.024441 -0.094339
EDGE_ODO 102 103 0.640410 0.007435 0.107121
EDGE_ODO 103 104 0.644201 -0.014336 -0.024966
EDGE_ODO 104 105 0.644960 0.019675 0.055427
EDGE_ODO 105 106 0.633327 -0.017685 -0.046638
EDGE_ODO 106 107 0.647889 -0.007117 0.003228
EDGE_ODO 107 108 0.418841 0.012880 0.059022
EDGE_ODO 108 109 0.012870 -0.002240 -0.453333
EDGE_ODO 109 110 0.014179 -0.004043 -0.597121
EDGE_ODO 110 111 0.096952 -0.046958 -0.510989
EDGE_ODO 111 112 0.662640 0.007778 0.052084
EDGE_ODO 112 113 0.647895 0.015723 0.044858
EDGE_ODO 113 114 0.639175 0.001049 0.034783
EDGE_ODO 114 115 0.643430 0.022360 0.055827
EDGE_ODO 115 116 0.763396 0.014434 0.039419
EDGE_ODO 116 117 0.634411 0.022615 0.090058
EDGE_ODO 117 118 0.031050 -0.001921 -0.343244
EDGE_ODO 118 119 0.498463 -0.026118 -0.058682
EDGE_ODO 119 120 0.638636 0.019165 0.084147
EDGE_ODO 120 121 0.608883 0.022686 0.061480
EDGE_ODO 121 122 0.610979 0.006491 0.049908
EDGE_ODO 122 123 0.214919 0.006655 -0.018770
EDGE_ODO 123 124 0.224600 -0.105868 -0.436366
EDGE_ODO 124 125 0.625260 -0.011376 -0.017225
EDGE_ODO 125 126 0.630905 0.083897 0.196975
EDGE_ODO 126 127 0.635911 -0.003633 -0.003082
EDGE_ODO 127 128 0.644637 0.020444 0.034153
EDGE_ODO 128 129 0.638546 -0.014303 -0.035619
EDGE_ODO 129 130 0.640721 0.025473 0.048893
EDGE_ODO 130 131 0.641480 0.013548 0.083601
EDGE_ODO 131 132 0.641305 -0.014532 -0.055040
EDGE_ODO 132 133 0.581934 -0.015905 -0.042094
EDGE_ODO 133 134 0.610231 0.001805 -0.024124
EDGE_ODO 134 135 0.579655 -0.017960 -0.033069
EDGE_ODO 135 136 0.642725 0.014632 0.012040
EDGE_ODO 136 137 0.634138 -0.020053 -0.051400
EDGE_ODO 137 138 0.640742 0.028547 0.068532
EDGE_ODO 138 139 0.624343 0.022436 0.065016
EDGE_ODO 139 140 0.649355 0.026111 0.030256
EDGE_ODO 140 141 0.633752 -0.015337 -0.048721
EDGE_ODO 141 142 0.643523 0.009872 -0.004100
EDGE_ODO 142 143 0.634003 -0.068517 -0.110892
EDGE_ODO 143 144 0.367489 0.008323 0.017249
EDGE_ODO 144 145 0.011506 -0.002421 -0.499034
EDGE_ODO 145 146 0.002065 0.000912 -0.593946
EDGE_ODO 146 147 0.052046 -0.024279 -0.487148
EDGE_ODO 147 148 0.437634 -0.008022 -0.035943
EDGE_ODO 148 149 0.649282 0.006558 0.024834
EDGE_ODO 149 150 0.638778 0.018547 0.013910
EDGE_ODO 150 151 0.642396 0.027197 0.085399
EDGE_ODO 151 152 0.642196 -0.014560 -0.068180
EDGE_ODO 152 153 0.641634 0.027219 0.085722
EDGE_ODO 153 154 0.638389 -0.020707 -0.077238
EDGE_ODO 154 155 0.642162 0.011168 0.026427
EDGE_ODO 155 156 0.644865 0.009414 0.023665
EDGE_ODO 156 157 0.581283 -0.014428 -0.072363
EDGE_ODO 157 158 0.187127 -0.000419 0.029090
EDGE_ODO 158 159 -0.002775 0.000752 0.993417
EDGE_ODO 159 160 0.010178 0.000761 1.042069
EDGE_ODO 160 161 -0.000005 0.000004 0.981942
EDGE_ODO 161 162 -0.015739 -0.012123 1.042202
EDGE_ODO 162 163 0.001603 0.001566 1.003233
EDGE_ODO 163 164 0.014062 0.009080 0.929958
EDGE_ODO 164 165 0.127064 0.050581 0.402133
EDGE_ODO 165 166 0.660048 0.003938 -0.000969
EDGE_ODO 166 167 0.637952 -0.005107 -0.029173
EDGE_ODO 167 168 0.609195 0.011564 0.012037
EDGE_ODO 168 169 0.616410 -0.017912 -0.037053
EDGE_ODO 169 170 0.607779 0.006983 -0.020916
EDGE_ODO 170 171 0.584191 -0.014911 -0.038741
EDGE_ODO 171 172 0.648836 0.010594 0.013474
EDGE_ODO 172 173 0.642894 -0.013166 -0.018042
EDGE_ODO 173 174 0.638185 0.007116 0.045162
EDGE_ODO 174 175 0.625733 0.004082 -0.019946
EDGE_ODO 175 176 0.613713 -0.013173 0.014287
EDGE_ODO 176 177 0.634525 0.002256 -0.022912
EDGE_ODO 177 178 0.640137 -0.023037 -0.034183
EDGE_ODO 178 179 0.353790 0.008069 0.053221
EDGE_ODO 179 180 0.003152 -0.000263 -0.442165
EDGE_ODO 180 181 0.557570 -0.008188 -0.051388
EDGE_ODO 181 182 0.573085 -0.036151 -0.172968
EDGE_ODO 182 183 0.603594 -0.027970 -0.056017
EDGE_ODO 183 184 0.635433 -0.054532 -0.150813
EDGE_ODO 184 185 0.634881 -0.022979 -0.096285
EDGE_ODO 185 186 0.643298 -0.040128 -0.069768
EDGE_ODO 186 187 0.616544 -0.013175 -0.025584
EDGE_ODO 187 188 0.637286 0.000267 -0.008123
EDGE_ODO 188 189 0.639354 -0.005159 -0.029399
EDGE_ODO 189 190 0.641605 -0.016631 -0.026189
EDGE_ODO 190 191 0.641101 -0.008160 -0.020962
EDGE_ODO 191 192 0.634787 -0.009757 -0.024655
EDGE_ODO 192 193 0.586234 -0.010454 -0.051260
EDGE_ODO 193 194 0.611583 -0.006689 -0.021980
EDGE_ODO 194 195 0.610567 -0.010284 -0.023227
EDGE_ODO 195 196 0.641859 -0.011003 -0.041852
EDGE_ODO 196 197 0.640092 -0.013813 -0.028233
EDGE_ODO 197 198 0.639039 -0.009178 -0.058660
EDGE_ODO 198 199 0.637088 -0.027408 -0.061598
EDGE_ODO 199 200 0.636910 -0.008520 -0.021764
EDGE_ODO 200 201 0.639616 -0.019900 -0.056243
EDGE_ODO 201 202 0.573162 0.008125 0.017141
EDGE_ODO 202 203 0.807715 -0.017801 -0.055477
EDGE_ODO 203 204 0.600516 -0.019464 -0.097088
EDGE_ODO 204 205 0.607570 -0.009135 -0.005030
EDGE_ODO 205 206 0.587179 0.007336 0.006623
EDGE_ODO 206 207 0.607993 0.006080 0.021126
EDGE_ODO 207 208 0.644034 -0.008545 -0.004095
EDGE_ODO 208 209 0.640840 0.009001 0.044393
EDGE_ODO 209 210 0.641153 -0.014043 -0.012923
EDGE_ODO 210 211 0.640990 0.006728 -0.001668
EDGE_ODO 211 212 0.638573 -0.025254 -0.057210
EDGE_ODO 212 213 0.648396 -0.008808 -0.024826
EDGE_ODO 213 214 0.637242 -0.004643 -0.007684
EDGE_ODO 214 215 0.369747 -0.004429 -0.039914
EDGE_ODO 215 216 0.006980 -0.001179 -0.507763
EDGE_ODO 216 217 -0.001832 0.001260 -0.551814
EDGE_ODO 217 218 0.000862 -0.000506 -0.060277
EDGE_ODO 218 219 0.576874 -0.106568 -0.173874
EDGE_ODO 219 220 0.629125 -0.005523 -0.044144
EDGE_ODO 220 221 0.642903 0.008921 0.051755
EDGE_ODO 221 222 0.635198 -0.000697 -0.024981
EDGE_ODO 222 223 0.639045 0.029371 0.096256
EDGE_ODO 223 224 0.637940 -0.001297 -0.026485
EDGE_ODO 224 225 0.639421 0.008657 0.048309
EDGE_ODO 225 226 0.638048 -0.023812 -0.051167
EDGE_ODO 226 227 0.642744 0.047412 0.156718
EDGE_ODO 227 228 0.588969 -0.135551 -0.358747
EDGE_ODO 228 229 0.605993 0.034684 0.124928
EDGE_ODO 229 230 0.370582 0.002463 -0.025443
EDGE_ODO 230 231 -0.130796 -0.004868 0.073003
EDGE_ODO 231 232 0.345343 -0.135465 -0.413759
EDGE_ODO 232 233 0.649941 0.026872 0.109205
EDGE_ODO 233 234 0.647791 -0.001996 -0.038195
EDGE_ODO 234 235 0.300180 0.002544 0.000515
EDGE_ODO 235 236 0.331863 0.149674 0.417637
EDGE_ODO 236 237 0.654682 0.025212 0.076902
EDGE_ODO 237 238 0.648140 0.014417 -0.026834
EDGE_ODO 238 239 0.643519 -0.017811 -0.061244
EDGE_ODO 239 240 0.603843 -0.096900 -0.209505
EDGE_ODO 240 241 0.584456 0.014283 0.092258
EDGE_ODO 241 242 0.612687 0.022692 0.027357
EDGE_ODO 242 243 0.648066 -0.017400 -0.010559
EDGE_ODO 243 244 0.642215 0.026261 0.062075
EDGE_ODO 244 245 0.634243 -0.022273 -0.061989
EDGE_ODO 245 246 0.645668 -0.028614 -0.079256
EDGE_ODO 246 247 0.643529 0.022831 0.100014
EDGE_ODO 247 248 0.564321 0.027061 0.024967
EDGE_ODO 248 249 -0.035940 0.003373 0.183988
EDGE_ODO 249 250 0.007750 -0.001049 -0.606852
EDGE_ODO 250 251 0.463939 -0.175406 -0.437806
EDGE_ODO 251 252 0.574959 0.003510 0.002433
EDGE_ODO 252 253 0.605120 -0.005928 -0.017244
EDGE_ODO 253 254 0.610735 -0.012632 -0.047846
EDGE_ODO 254 255 0.044400 0.000523 0.074991
EDGE_ODO 255 256 0.001043 -0.000895 -0.499566
EDGE_ODO 256 257 0.555824 -0.061442 -0.099167
EDGE_ODO 257 258 0.629719 0.018359 0.091632
EDGE_ODO 258 259 0.636152 0.019457 0.038906
EDGE_ODO 259 260 0.591139 -0.005281 -0.010083
EDGE_ODO 260 261 0.038207 -0.011731 -0.314328
EDGE_ODO 261 262 0.655511 -0.012976 0.004878
EDGE_ODO 262 263 0.621841 0.001156 0.011526
EDGE_ODO 263 264 0.608889 0.019368 0.094641
EDGE_ODO 264 265 0.612314 0.007199 0.017955
EDGE_ODO 265 266 0.576085 -0.083302 -0.132058
EDGE_ODO 266 267 0.757425 -0.007866 -0.038469
EDGE_ODO 267 268 0.631857 -0.080953 -0.120705
EDGE_ODO 268 269 0.641922 0.003817 0.021827
EDGE_ODO 269 270 0.637667 0.034307 0.104727
EDGE_ODO 270 271 0.640010 -0.062261 -0.119686
EDGE_ODO 271 272 0.644232 0.019193 0.057497
EDGE_ODO 272 273 0.634342 0.083237 0.206754
EDGE_ODO 273 274 0.640984 0.007900 0.019834
EDGE_ODO 274 275 0.606472 -0.086361 -0.177559
EDGE_ODO 275 276 0.612197 0.023588 0.108696
EDGE_ODO 276 277 0.583581 0.010361 -0.030920
EDGE_ODO 277 278 0.636078 -0.067917 -0.095289
EDGE_ODO 278 279 0.642761 -0.012725 -0.054157
EDGE_ODO 279 280 0.638781 -0.006089 0.003079
EDGE_ODO 280 281 0.641856 -0.029617 -0.099276
EDGE_ODO 281 282 0.639782 0.004798 0.040856
EDGE_ODO 282 283 0.642050 0.012891 -0.006948
EDGE_ODO 283 284 0.634635 -0.008598 0.028031
EDGE_ODO 284 285 0.644186 0.019368 0.016799
EDGE_ODO 285 286 0.616883 0.003268 0.049122
EDGE_ODO 286 287 0.041606 0.000178 -0.109420
EDGE_ODO 287 288 0.009415 -0.003373 -0.619963
EDGE_ODO 288 289 0.020008 -0.006408 -0.604589
EDGE_ODO 289 290 0.454169 -0.104092 -0.231282
EDGE_ODO 290 291 0.647578 0.004260 0.009723
EDGE_ODO 291 292 0.634089 -0.015008 -0.055281
EDGE_ODO 292 293 0.642557 -0.005982 -0.023777
EDGE_ODO 293 294 0.639112 0.001322 -0.000108
EDGE_ODO 294 295 0.640372 -0.027705 -0.113609
EDGE_ODO 295 296 0.642975 -0.021060 -0.046516
EDGE_ODO 296 297 0.642345 0.000782 -0.012863
EDGE_ODO 297 298 0.647985 0.003784 0.003363
EDGE_ODO 298 299 0.612845 -0.007635 0.065661
EDGE_ODO 299 300 0.612360 0.028900 0.046427
EDGE_ODO 300 301 0.590205 -0.014952 -0.054929
EDGE_ODO 301 302 0.327130 -0.001110 -0.017014
EDGE_ODO 302 303 0.000000 0.000000 0.007958
EDGE_ODO 303 304 0.531735 -0.000572 0.013349
EDGE_ODO 304 305 0.632029 0.091742 0.189082
EDGE_ODO 305 306 0.638032 0.009278 -0.014535
EDGE_ODO 306 307 0.649045 -0.016359 -0.033059
EDGE_ODO 307 308 0.638862 -0.008726 -0.051832
EDGE_ODO 308 309 0.645288 0.030453 0.096996
EDGE_ODO 309 310 0.636777 0.000884 -0.032322
EDGE_ODO 310 311 0.290424 -0.002112 0.179746
EDGE_ODO 311 312 0.007354 0.003264 1.002917
EDGE_ODO 312 313 0.200119 0.102327 0.503683
EDGE_ODO 313 314 0.633848 0.018391 0.043519
EDGE_ODO 314 315 0.633704 0.002276 -0.000875
EDGE_ODO 315 316 0.639305 0.015820 0.052631
EDGE_ODO 316 317 0.637745 0.004302 0.011142
EDGE_ODO 317 318 0.636745 0.035394 0.095957
EDGE_ODO 318 319 0.348842 0.011538 0.072712
EDGE_ODO 319 320 0.000816 -0.000527 0.973228
EDGE_ODO 320 321 0.006777 0.006256 1.044793
EDGE_ODO 321 322 0.006473 0.002839 1.001084
EDGE_ODO 322 323 0.016353 0.013170 0.997277
EDGE_ODO 323 324 0.008916 0.001230 0.663199
EDGE_ODO 324 325 0.003144 -0.000405 -0.524891
EDGE_ODO 325 326 0.023808 -0.007961 -0.592174
EDGE_ODO 326 327 0.020978 -0.009992 -0.620226
EDGE_ODO 327 328 0.643658 -0.034894 -0.045241
EDGE_ODO 328 329 0.649334 -0.010852 -0.054672
EDGE_ODO 329 330 0.639632 -0.008474 -0.018872
EDGE_ODO 330 331 0.641038 0.003713 -0.014179
EDGE_ODO 331 332 0.640252 -0.011677 -0.018427
EDGE_ODO 332 333 0.177633 -0.001729 0.065170
EDGE_ODO 333 334 0.000905 -0.002029 1.057518
EDGE_ODO 334 335 0.024703 0.015296 0.997066
EDGE_ODO 335 336 0.010478 0.002030 0.946908
EDGE_ODO 336 337 0.008745 0.002954 0.985008
EDGE_ODO 337 338 -0.003685 -0.001824 0.981724
EDGE_ODO 338 339 -0.005129 -0.003808 1.041677
EDGE_ODO 339 340 0.010570 0.010289 1.011780
EDGE_ODO 340 341 0.113717 0.080150 0.628571
EDGE_ODO 341 342 0.654766 0.022058 0.099815
EDGE_ODO 342 343 0.628741 0.054742 0.130801
EDGE_ODO 343 344 0.635892 -0.007155 -0.010075
EDGE_ODO 344 345 0.267580 0.003485 -0.027538
EDGE_ODO 345 346 0.004489 0.000038 -0.647423
EDGE_ODO 346 347 0.072838 -0.046842 -0.558829
EDGE_ODO 347 348 0.589079 -0.006098 -0.016843
EDGE_ODO 348 349 0.616820 -0.017333 -0.040458
EDGE_ODO 349 350 0.785503 -0.000917 -0.019918
EDGE_ODO 350 351 0.270645 -0.005037 -0.029292
EDGE_ODO 351 352 0.002244 -0.000330 -0.288296
EDGE_ODO 352 353 0.003402 -0.001192 -0.665425
EDGE_ODO 353 354 -0.005763 0.001670 -0.603397
EDGE_ODO 354 355 0.000000 0.000000 -0.720990
EDGE_ODO 355 356 0.003943 -0.001205 -0.575253
EDGE_ODO 356 357 0.020153 -0.008599 -0.653072
EDGE_ODO 357 358 0.015309 -0.003110 -0.615454
EDGE_ODO 358 359 0.006974 -0.000995 -0.614029
EDGE_ODO 359 360 0.004457 -0.000580 -0.176301
EDGE_ODO 360 361 0.010594 0.005702 0.919376
EDGE_ODO 361 362 0.219803 0.130838 0.533743
EDGE_ODO 362 363 0.297072 -0.003532 -0.006476
EDGE_ODO 363 364 0.289348 0.182399 0.614616
EDGE_ODO 364 365 0.292841 -0.019896 -0.497082
EDGE_ODO 365 366 0.158985 -0.083838 -0.554071
EDGE_ODO 366 367 0.639497 -0.004946 0.002087
EDGE_ODO 367 368 0.604131 -0.012617 -0.052944
EDGE_ODO 368 369 0.002209 0.000313 -0.259186
EDGE_ODO 369 370 0.005991 -0.002050 -0.599321
EDGE_ODO 370 371 0.006708 -0.002639 -0.557206
EDGE_ODO 371 372 0.558575 -0.019962 -0.032348
EDGE_ODO 372 373 0.602488 0.010152 -0.002327
EDGE_ODO 373 374 0.632591 -0.017325 -0.065949
EDGE_ODO 374 375 0.469417 0.004030 -0.028771
EDGE_ODO 375 376 0.002158 0.000483 0.698524
EDGE_ODO 376 377 0.046225 0.038326 0.699019
EDGE_ODO 377 378 0.665310 0.013616 0.055080
EDGE_ODO 378 379 0.642743 0.038423 0.085729
EDGE_ODO 379 380 0.640645 0.038346 0.120298
EDGE_ODO 380 381 0.233459 0.003584 0.150906
EDGE_ODO 381 382 0.006327 0.000255 1.053123
EDGE_ODO 382 383 -0.003556 -0.002021 0.980056
EDGE_ODO 383 384 0.001991 0.002244 0.957091
EDGE_ODO 384 385 0.011270 0.001792 1.022982
EDGE_ODO 385 386 0.168577 0.055826 0.222392
EDGE_ODO 386 387 0.606264 0.162988 0.328749
EDGE_ODO 387 388 0.635832 0.013644 0.010758
EDGE_ODO 388 389 0.627947 -0.024187 -0.080320
EDGE_ODO 389 390 0.069191 0.001300 0.478702
EDGE_ODO 390 391 -0.133725 -0.033239 0.382997
EDGE_ODO 391 392 -0.002743 0.000191 1.047762
EDGE_ODO 392 393 0.028217 0.013447 1.259453
EDGE_ODO 393 394 0.008510 0.003621 0.998557
EDGE_ODO 394 395 -0.234595 -0.069505 0.339597
EDGE_ODO 395 396 0.000000 0.000000 0.001250
EDGE_ODO 396 397 0.001351 -0.000419 -0.009641
EDGE_ODO 397 398 0.004038 0.000754 0.199105
EDGE_ODO 398 399 0.122070 0.031296 0.300741
EDGE_ODO 399 400 0.657179 0.003449 0.051415
EDGE_ODO 400 401 0.635899 -0.025106 -0.091900
EDGE_ODO 401 402 0.629497 -0.118990 -0.266463
EDGE_ODO 402 403 0.633089 -0.005208 -0.033694
EDGE_ODO 403 404 0.592291 -0.016693 -0.078703
EDGE_ODO 404 405 0.003136 0.000509 0.534523
EDGE_ODO 405 406 -0.004868 -0.003220 0.979360
EDGE_ODO 406 407 0.360175 0.041381 0.128315
EDGE_ODO 407 408 0.616703 -0.006846 -0.037807
EDGE_ODO 408 409 0.297889 -0.008429 -0.099428
EDGE_ODO 409 410 0.004317 -0.001082 -0.627510
EDGE_ODO 410 411 -0.000994 0.000097 -0.588953
EDGE_ODO 411 412 0.546073 -0.101761 -0.202851
EDGE_ODO 412 413 0.631438 -0.020731 -0.079531
EDGE_ODO 413 414 0.633214 0.018368 0.103733
EDGE_ODO 414 415 0.642786 -0.007808 0.006683
EDGE_ODO 415 416 0.306053 0.007945 -0.055552
EDGE_ODO 416 417 0.267976 -0.110772 -0.425050
EDGE_ODO 417 418 0.438509 -0.005278 -0.045468
EDGE_ODO 418 419 -0.008030 -0.002982 0.430439
EDGE_ODO 419 420 -0.065315 -0.007710 0.215762
EDGE_ODO 420 421 -0.013305 -0.007156 0.966654
EDGE_ODO 421 422 -0.003762 0.002250 1.237922
EDGE_ODO 422 423 0.004840 0.001590 0.345136
EDGE_ODO 423 424 0.000000 0.000000 0.000279
EDGE_ODO 424 425 -0.001184 -0.000773 0.011635
EDGE_ODO 425 426 0.000000 0.000000 -0.009217
EDGE_ODO 426 427 0.032570 0.000297 0.003027
EDGE_ODO 427 428 0.662478 0.017221 -0.005659
EDGE_ODO 428 429 0.646109 -0.008556 -0.041027
EDGE_ODO 429 430 0.343414 -0.005292 -0.046373
EDGE_ODO 430 431 -0.023101 -0.000669 0.051637
EDGE_ODO 431 432 0.009902 -0.002457 -0.632717
EDGE_ODO 432 433 0.001378 -0.000302 -0.678362
EDGE_ODO 433 434 0.513100 -0.123605 -0.228760
EDGE_ODO 434 435 0.631214 0.005719 -0.028704
EDGE_ODO 435 436 0.631793 -0.021639 -0.009165
EDGE_ODO 436 437 0.639424 0.009664 0.007564
EDGE_ODO 437 438 0.468926 -0.010782 -0.032675
EDGE_ODO 438 439 0.003173 -0.000464 -0.440138
EDGE_ODO 439 440 -0.014852 0.005433 -0.648635
EDGE_ODO 440 441 -0.024049 0.006849 -0.627372
EDGE_ODO 441 442 -0.014780 0.003839 -0.634781
EDGE_ODO 442 443 -0.000800 0.000601 -0.571864
EDGE_ODO 443 444 0.017737 -0.005934 -0.596674
EDGE_ODO 444 445 0.013295 -0.004859 -0.663772
EDGE_ODO 445 446 0.005858 0.000522 0.198590
EDGE_ODO 446 447 0.027440 0.012672 0.626113
EDGE_ODO 447 448 0.642139 0.024176 0.015042
EDGE_ODO 448 449 0.651924 0.033077 0.098456
EDGE_ODO 449 450 0.646061 0.005408 0.011249
EDGE_ODO 450 451 0.475342 0.014049 0.039952
EDGE_ODO 451 452 0.003128 0.000025 -0.382848
EDGE_ODO 452 453 -0.001414 0.000044 -0.628930
EDGE_ODO 453 454 0.248647 -0.103850 -0.427200
EDGE_ODO 454 455 0.599080 -0.006587 -0.019767
EDGE_ODO 455 456 0.632985 -0.015395 -0.063626
EDGE_ODO 456 457 0.357560 -0.010532 -0.086657
EDGE_ODO 457 458 0.008700 -0.003028 -0.643446
EDGE_ODO 458 459 -0.005152 0.003223 -0.605857
EDGE_ODO 459 460 0.416054 -0.104238 -0.255576
EDGE_ODO 460 461 0.649228 -0.030811 -0.086883
EDGE_ODO 461 462 0.546102 -0.010087 -0.039056
EDGE_ODO 462 463 0.001368 -0.000392 0.843270
EDGE_ODO 463 464 0.219986 0.165070 0.680690
EDGE_ODO 464 465 0.606621 0.010649 0.008756
EDGE_ODO 465 466 0.582724 -0.019176 -0.054453
EDGE_ODO 466 467 0.609463 -0.011568 -0.042219
EDGE_ODO 467 468 0.645554 -0.004365 -0.036329
EDGE_ODO 468 469 0.640915 -0.033457 -0.083791
EDGE_ODO 469 470 0.496055 0.004661 0.018154
EDGE_ODO 470 471 0.003172 -0.000201 -0.200803
EDGE_ODO 471 472 0.023951 -0.007826 -0.634338
EDGE_ODO 472 473 0.005795 -0.000612 -0.642279
EDGE_ODO 473 474 0.006655 -0.002332 -0.633006
EDGE_ODO 474 475 0.004438 -0.002279 -0.575983
EDGE_ODO 475 476 0.004920 -0.000853 -0.653637
EDGE_ODO 476 477 -0.005593 0.002916 -0.561690
EDGE_ODO 477 478 -0.008770 0.002879 -0.629412
EDGE_ODO 478 479 -0.005316 0.000950 -0.456182
EDGE_ODO 479 480 -0.002143 -0.000584 0.559864
EDGE_ODO 480 481 0.016780 0.006185 0.998459
EDGE_ODO 481 482 0.002129 0.000684 0.334515
EDGE_ODO 482 483 0.000000 0.000000 -0.006313
EDGE_ODO 483 484 0.461514 0.003388 0.034531
EDGE_ODO 484 485 0.630348 0.014297 -0.002799
EDGE_ODO 485 486 0.640080 -0.006164 0.008991
EDGE_ODO 486 487 0.638592 0.022157 0.027672
EDGE_ODO 487 488 0.641671 0.002950 0.035457
EDGE_ODO 488 489 0.486254 0.015193 0.029736
EDGE_ODO 489 490 0.004012 0.001331 0.483683
EDGE_ODO 490 491 0.003142 0.002440 0.933695
EDGE_ODO 491 492 0.234443 0.072984 0.301949
EDGE_ODO 492 493 0.622117 -0.019196 -0.055751
EDGE_ODO 493 494 0.632902 -0.009810 -0.061610
EDGE_ODO 494 495 0.635286 0.054465 0.110803
EDGE_ODO 495 496 0.641209 0.012116 0.121000
EDGE_ODO 496 497 0.639602 -0.025661 -0.083377
EDGE_ODO 497 498 0.634982 -0.033636 -0.099467
EDGE_ODO 498 499 0.638794 -0.029903 -0.015370
EDGE_ODO 499 500 0.581639 0.165523 0.331283
EDGE_ODO 500 501 0.608658 -0.019295 -0.065817
EDGE_ODO 501 502 0.717458 -0.037860 -0.078159
EDGE_ODO 502 503 0.468033 -0.006282 -0.011528
EDGE_ODO 503 504 0.001010 -0.000329 0.882265
EDGE_ODO 504 505 0.222895 0.156032 0.638914
EDGE_ODO 505 506 0.625769 -0.021473 -0.145256
EDGE_ODO 506 507 0.635814 -0.018204 -0.072178
EDGE_ODO 507 508 0.638204 -0.013687 -0.007658
EDGE_ODO 508 509 0.642039 -0.008726 -0.051671
EDGE_ODO 509 510 0.372102 -0.006043 -0.009950
EDGE_ODO 510 511 0.002084 -0.003553 0.891003
EDGE_ODO 511 512 0.007335 0.005942 1.221397
EDGE_ODO 512 513 -0.002181 -0.000566 0.972737
EDGE_ODO 513 514 0.090094 0.023767 0.232272
EDGE_ODO 514 515 0.658710 0.013018 0.004928
EDGE_ODO 515 516 0.637378 -0.008635 0.019744
EDGE_ODO 516 517 0.633811 0.029113 0.032052
EDGE_ODO 517 518 0.634675 0.007993 0.028090
EDGE_ODO 518 519 0.560153 0.002654 -0.012150
EDGE_ODO 519 520 0.197101 -0.000544 0.405434
EDGE_ODO 520 521 0.006002 0.005024 1.019492
EDGE_ODO 521 522 0.414779 0.108184 0.270025
EDGE_ODO 522 523 0.644866 -0.002177 -0.013262
EDGE_ODO 523 524 0.606582 -0.016880 -0.047652
EDGE_ODO 524 525 0.576823 0.002529 0.018772
EDGE_ODO 525 526 0.607148 -0.019364 -0.063586
EDGE_ODO 526 527 0.632532 -0.013902 -0.038859
EDGE_ODO 527 528 0.639965 -0.031254 -0.079842
EDGE_ODO 528 529 0.630138 0.005118 -0.025519
EDGE_ODO 529 530 0.643013 -0.010371 -0.027118
EDGE_ODO 530 531 0.632204 -0.021106 -0.076364
EDGE_ODO 531 532 0.210203 0.000529 0.053978
EDGE_ODO 532 533 0.010481 0.007945 1.006775
EDGE_ODO 533 534 0.004524 0.002070 0.671821
EDGE_ODO 534 535 0.000000 0.000000 0.001338
EDGE_ODO 535 536 0.357295 0.039869 0.132965
EDGE_ODO 536 537 0.617574 -0.018145 -0.055950
EDGE_ODO 537 538 0.579730 -0.014385 -0.025102
EDGE_ODO 538 539 0.638569 -0.022758 -0.062503
EDGE_ODO 539 540 0.636808 -0.030043 -0.090399
EDGE_ODO 540 541 0.624998 0.051843 0.165279
EDGE_ODO 541 542 0.637879 0.044546 0.058251
EDGE_ODO 542 543 0.119005 -0.001027 -0.027249
EDGE_ODO 543 544 0.004143 0.001613 0.643358
EDGE_ODO 544 545 0.011964 0.010101 1.076679
EDGE_ODO 545 546 -0.062408 -0.034041 0.835070
EDGE_ODO 546 547 0.004683 0.006620 1.031598
EDGE_ODO 547 548 0.010894 0.005062 0.931876
EDGE_ODO 548 549 0.018521 0.007174 0.814504
EDGE_ODO 549 550 0.007039 -0.001728 -0.474679
EDGE_ODO 550 551 0.012919 -0.003649 -0.620137
EDGE_ODO 551 552 0.004870 -0.001510 -0.626201
EDGE_ODO 552 553 0.131013 -0.071366 -0.571551
EDGE_ODO 553 554 0.656516 -0.001289 -0.033128
EDGE_ODO 554 555 0.640736 0.024110 0.091367
EDGE_ODO 555 556 0.644807 0.029102 0.137696
EDGE_ODO 556 557 0.641564 -0.010754 -0.042948
EDGE_ODO 557 558 0.615263 0.021826 0.078921
EDGE_ODO 558 559 0.005363 -0.000612 -0.410558
EDGE_ODO 559 560 0.000000 0.000000 -0.505043
EDGE_ODO 560 561 0.009398 0.003440 0.501104
EDGE_ODO 561 562 0.177331 0.126693 0.638384
EDGE_ODO 562 563 0.597201 -0.094603 -0.194811
EDGE_ODO 563 564 0.639558 0.013847 0.046248
EDGE_ODO 564 565 0.614599 -0.011365 -0.051966
EDGE_ODO 565 566 0.005382 -0.000625 0.804171
EDGE_ODO 566 567 -0.001231 0.000678 0.856086
EDGE_ODO 567 568 0.583042 0.017568 0.046196
EDGE_ODO 568 569 0.628101 -0.010139 -0.052147
EDGE_ODO 569 570 0.639821 -0.001979 -0.004808
EDGE_ODO 570 571 0.348563 -0.003118 -0.043397
EDGE_ODO 571 572 0.037203 -0.034953 -0.237353
EDGE_ODO 572 573 0.082599 0.001138 0.282645
EDGE_ODO 573 574 0.006029 0.005935 0.955816
EDGE_ODO 574 575 0.017352 0.009648 1.009306
EDGE_ODO 575 576 -0.000693 0.000729 1.024139
EDGE_ODO 576 577 0.005808 0.005602 0.968758
EDGE_ODO 577 578 0.020578 -0.005874 -0.365770
EDGE_ODO 578 579 0.649778 -0.007064 0.014101
EDGE_ODO 579 580 0.646533 0.021127 0.074055
EDGE_ODO 580 581 0.641277 0.007721 0.041304
EDGE_ODO 581 582 0.642222 0.008953 0.042003
EDGE_ODO 582 583 0.324533 0.007424 0.078126
EDGE_ODO 583 584 0.003585 0.000066 0.840201
EDGE_ODO 584 585 0.609333 0.022255 0.117010
EDGE_ODO 585 586 0.610182 0.017652 0.096276
EDGE_ODO 586 587 0.632351 0.024309 0.024257
EDGE_ODO 587 588 0.643770 -0.006740 0.003322
EDGE_ODO 588 589 0.633840 0.040950 0.080270
EDGE_ODO 589 590 0.644706 0.014870 0.073779
EDGE_ODO 590 591 0.632424 0.012303 0.002621
EDGE_ODO 591 592 0.642169 0.006914 0.001997
EDGE_ODO 592 593 0.271993 0.001273 0.212505
EDGE_ODO 593 594 0.014453 0.008841 0.993097
EDGE_ODO 594 595 0.571176 0.080832 0.240324
EDGE_ODO 595 596 0.575835 0.004878 -0.017875
EDGE_ODO 596 597 0.635351 -0.013108 -0.034135
EDGE_ODO 597 598 0.604127 -0.006451 -0.039602
EDGE_ODO 598 599 0.385673 -0.010715 -0.063459
EDGE_ODO 599 600 0.008688 0.002526 0.814757
EDGE_ODO 600 601 0.021686 0.011399 1.028615
EDGE_ODO 601 602 0.018101 0.007667 1.024411
EDGE_ODO 602 603 0.186319 0.162792 0.780432
EDGE_ODO 603 604 0.621077 -0.063008 -0.240492
EDGE_ODO 604 605 0.633484 0.018906 0.082620
EDGE_ODO 605 606 0.635159 0.014918 0.042086
EDGE_ODO 606 607 0.573078 -0.057501 -0.081034
EDGE_ODO 607 608 0.372357 0.012526 0.044458
EDGE_ODO 608 609 0.009981 0.001237 0.336295
EDGE_ODO 609 610 0.008024 0.008992 0.932617
EDGE_ODO 610 611 0.619179 0.006175 0.002964
EDGE_ODO 611 612 0.495865 -0.011645 0.002777
EDGE_ODO 612 613 -0.032580 0.001507 0.463705
EDGE_ODO 613 614 0.006074 0.002811 1.037837
EDGE_ODO 614 615 0.468918 0.167392 0.304515
EDGE_ODO 615 616 0.634148 0.014484 -0.051156
EDGE_ODO 616 617 0.620915 -0.099361 -0.217030
EDGE_ODO 617 618 0.637519 0.006833 0.010118
EDGE_ODO 618 619 0.602001 -0.001093 -0.001468
EDGE_ODO 619 620 0.611116 -0.021079 -0.096329
EDGE_ODO 620 621 -0.351742 0.001000 -0.051606
EDGE_ODO 621 622 -0.288473 0.005647 -0.075042
EDGE_ODO 622 623 -0.003587 0.000519 -0.537149
EDGE_ODO 623 624 -0.002684 0.001648 -0.642690
EDGE_ODO 624 625 0.007502 -0.002176 -0.658633
EDGE_ODO 625 626 0.007582 -0.000720 -0.618128
EDGE_ODO 626 627 0.339972 -0.139061 -0.410806
EDGE_ODO 627 628 0.641810 -0.041240 -0.100917
EDGE_ODO 628 629 0.640763 0.030371 0.071050
EDGE_ODO 629 630 0.608678 0.024217 0.085089
EDGE_ODO 630 631 0.520687 0.012252 0.020220
EDGE_ODO 631 632 0.003617 -0.000095 0.676209
EDGE_ODO 632 633 0.052581 0.076324 1.075605
EDGE_ODO 633 634 0.651291 -0.000853 0.025227
EDGE_ODO 634 635 0.638650 -0.043082 -0.137291
EDGE_ODO 635 636 0.635527 0.004328 -0.019084
EDGE_ODO 636 637 0.632517 -0.030952 -0.100684
EDGE_ODO 637 638 0.419086 -0.009115 -0.030747
EDGE_ODO 638 639 0.640680 0.028288 0.078765
EDGE_ODO 639 640 0.645185 -0.028949 -0.069702
EDGE_ODO 640 641 0.631149 0.010125 -0.010170
EDGE_ODO 641 642 0.608456 -0.016443 -0.047551
EDGE_ODO 642 643 0.501922 -0.014902 -0.065028
EDGE_ODO 643 644 0.006192 0.003634 0.763605
EDGE_ODO 644 645 0.147583 0.161030 0.956903
EDGE_ODO 645 646 0.624864 0.078137 0.297396
EDGE_ODO 646 647 0.626416 0.074352 0.291155
EDGE_ODO 647 648 0.630437 0.066336 0.168411
EDGE_ODO 648 649 0.592663 -0.072497 -0.334526
EDGE_ODO 649 650 0.621511 -0.143009 -0.254374
EDGE_ODO 650 651 0.144853 0.010732 0.805829
EDGE_ODO 651 652 0.002718 0.001656 1.033599
EDGE_ODO 652 653 0.014957 0.011986 1.038848
EDGE_ODO 653 654 0.267736 0.151078 0.517447
EDGE_ODO 654 655 0.563434 -0.005218 -0.003312
EDGE_ODO 655 656 0.610635 -0.014726 -0.011084
EDGE_ODO 656 657 0.631799 0.103933 0.278849
EDGE_ODO 657 658 0.640227 0.007103 -0.006984
EDGE_ODO 658 659 0.497774 -0.026439 -0.071049
EDGE_ODO 659 660 0.006409 -0.000096 0.600351
EDGE_ODO 660 661 0.169432 0.128488 0.653648
EDGE_ODO 661 662 0.629749 0.003998 0.069631
EDGE_ODO 662 663 0.621897 0.037784 0.101008
EDGE_ODO 663 664 0.007280 -0.002392 0.538314
EDGE_ODO 664 665 0.026579 0.029587 0.878851
EDGE_ODO 665 666 0.623804 0.018831 0.034452
EDGE_ODO 666 667 0.580478 0.005759 0.002114
EDGE_ODO 667 668 0.608507 -0.000467 0.023179
EDGE_ODO 668 669 0.638606 0.001692 -0.027742
EDGE_ODO 669 670 0.636315 -0.034673 -0.062258
EDGE_ODO 670 671 0.308072 0.001150 0.052261
EDGE_ODO 671 672 -0.576602 0.036531 -0.092061
EDGE_ODO 672 673 -0.262392 0.011580 -0.133741
EDGE_ODO 673 674 -0.005814 0.002674 -0.655099
EDGE_ODO 674 675 -0.014637 0.005942 -0.615221
EDGE_ODO 675 676 -0.006630 0.003741 -0.630060
EDGE_ODO 676 677 -0.012856 0.004015 -0.622499
EDGE_ODO 677 678 0.191689 -0.090627 -0.451238
EDGE_ODO 678 679 0.570835 0.011396 0.059784
EDGE_ODO 679 680 0.434701 0.056384 0.340338
EDGE_ODO 680 681 0.616588 -0.017915 -0.025786
EDGE_ODO 681 682 0.634780 0.014947 0.049632
EDGE_ODO 682 683 0.300050 0.004977 0.161644
EDGE_ODO 683 684 0.008066 0.002610 1.069340
EDGE_ODO 684 685 0.408559 0.177472 0.439476
EDGE_ODO 685 686 0.481253 -0.056338 -0.146676
EDGE_ODO 686 687 0.633778 -0.013418 -0.036773
EDGE_ODO 687 688 0.633546 -0.023306 -0.013253
EDGE_ODO 688 689 0.601923 0.011148 0.026350
EDGE_ODO 689 690 0.577060 0.031776 0.072952
EDGE_ODO 690 691 0.431081 -0.000968 -0.029004
EDGE_ODO 691 692 -0.008991 -0.001137 0.532009
EDGE_ODO 692 693 -0.002490 -0.004336 1.036147
EDGE_ODO 693 694 -0.004998 -0.000127 0.832038
EDGE_ODO 694 695 0.001511 0.001312 0.796919
EDGE_ODO 695 696 0.013256 0.002978 1.021557
EDGE_ODO 696 697 0.014932 -0.001676 -0.254525
EDGE_ODO 697 698 0.334592 -0.212289 -0.657753
EDGE_ODO 698 699 0.645635 0.022320 0.112426
EDGE_ODO 699 700 0.637453 0.017479 0.051850
EDGE_ODO 700 701 0.580454 0.032375 0.057254
EDGE_ODO 701 702 0.576635 -0.068380 -0.117543
EDGE_ODO 702 703 0.620013 -0.001990 0.031996
EDGE_ODO 703 704 0.636789 0.025712 0.015764
EDGE_ODO 704 705 0.643209 0.030107 0.064485
EDGE_ODO 705 706 0.514363 -0.039200 -0.277636
EDGE_ODO 706 707 0.003881 -0.001622 -0.533536
EDGE_ODO 707 708 -0.003691 0.001823 -0.654541
EDGE_ODO 708 709 -0.067573 0.007248 -0.341732
EDGE_ODO 709 710 -0.014148 0.002189 -0.575257
EDGE_ODO 710 711 0.000644 0.000757 -0.611741
EDGE_ODO 711 712 -0.004894 0.001455 -0.574644
EDGE_ODO 712 713 0.477793 -0.132293 -0.294292
EDGE_ODO 713 714 0.567602 -0.077796 -0.205164
EDGE_ODO 714 715 0.633486 0.028573 0.105231
EDGE_ODO 715 716 0.639776 -0.022007 -0.136206
EDGE_ODO 716 717 0.632432 0.018685 0.086524
EDGE_ODO 717 718 0.776383 -0.078919 -0.173172
EDGE_ODO 718 719 0.636837 0.028128 0.076417
EDGE_ODO 719 720 0.632529 -0.017060 -0.057232
EDGE_ODO 720 721 0.638105 0.018029 0.070335
EDGE_ODO 721 722 0.025289 0.000135 0.068811
EDGE_ODO 722 723 0.006445 0.007867 1.098357
EDGE_ODO 723 724 0.010463 0.006590 1.077175
EDGE_ODO 724 725 0.010678 0.005468 0.639413
EDGE_ODO 725 726 0.290588 0.137540 0.458060
EDGE_ODO 726 727 0.635716 0.023142 0.032574
EDGE_ODO 727 728 0.637440 -0.010740 0.003027
EDGE_ODO 728 729 0.638658 0.024646 0.059374
EDGE_ODO 729 730 0.629725 0.021040 0.039078
EDGE_ODO 730 731 0.635128 0.000033 0.013336
EDGE_ODO 731 732 0.123756 0.004174 0.448902
EDGE_ODO 732 733 0.000083 0.001424 1.000990
EDGE_ODO 733 734 0.552572 0.038413 0.079326
EDGE_ODO 734 735 0.600091 -0.007820 -0.030980
EDGE_ODO 735 736 0.005111 -0.000077 0.602090
EDGE_ODO 736 737 0.008677 0.008287 0.804006
EDGE_ODO 737 738 0.598858 0.011099 0.020076
EDGE_ODO 738 739 0.625793 -0.054407 -0.056575
EDGE_ODO 739 740 0.522300 0.024647 0.064307
EDGE_ODO 740 741 -0.000981 -0.000074 -0.367127
EDGE_ODO 741 742 0.011219 -0.001990 -0.650273
EDGE_ODO 742 743 0.004918 -0.001325 -0.614408
EDGE_ODO 743 744 0.009459 -0.002723 -0.537185
EDGE_ODO 744 745 0.002047 -0.000908 -0.591149
EDGE_ODO 745 746 0.494445 -0.175533 -0.472825
EDGE_ODO 746 747 0.638469 -0.005433 -0.034207
EDGE_ODO 747 748 0.577733 -0.023010 -0.067174
EDGE_ODO 748 749 0.069701 0.001911 0.431306
EDGE_ODO 749 750 0.003545 0.004632 0.930924
EDGE_ODO 750 751 0.221430 0.155717 0.642978
EDGE_ODO 751 752 0.622533 -0.037077 -0.102200
EDGE_ODO 752 753 0.636978 0.006588 0.064190
EDGE_ODO 753 754 0.633682 -0.063409 -0.161022
EDGE_ODO 754 755 0.634065 0.020125 0.076284
EDGE_ODO 755 756 0.630931 -0.052093 -0.191444
EDGE_ODO 756 757 0.634731 0.023338 0.098895
EDGE_ODO 757 758 0.593380 0.045763 0.126480
EDGE_ODO 758 759 0.549299 -0.065716 -0.139191
EDGE_ODO 759 760 0.597230 0.041521 0.114150
EDGE_ODO 760 761 0.024133 -0.000801 0.183513
EDGE_ODO 761 762 0.000826 0.001155 1.009551
EDGE_ODO 762 763 0.580729 0.162376 0.292110
EDGE_ODO 763 764 0.445705 -0.005172 -0.027993
EDGE_ODO 764 765 0.008361 0.001719 0.638276
EDGE_ODO 765 766 0.005344 0.005700 0.998613
EDGE_ODO 766 767 0.002645 0.001415 0.929266
EDGE_ODO 767 768 0.005861 0.004878 0.721092
EDGE_ODO 768 769 0.614146 0.107525 0.156299
EDGE_ODO 769 770 0.636280 -0.020581 -0.067664
EDGE_ODO 770 771 0.070000 0.001891 0.559330
EDGE_ODO 771 772 0.006744 0.005112 0.865896
EDGE_ODO 772 773 0.581158 0.026914 0.085198
EDGE_ODO 773 774 0.551019 0.013319 0.021516
EDGE_ODO 774 775 0.004023 0.000830 0.842994
EDGE_ODO 775 776 0.192558 0.126940 0.615944
EDGE_ODO 776 777 0.634282 0.011394 0.058423
EDGE_ODO 777 778 0.632295 0.006026 -0.021506
EDGE_ODO 778 779 0.635747 0.009144 0.017394
EDGE_ODO 779 780 0.227263 -0.012780 -0.131130
EDGE_ODO 780 781 0.009670 -0.001829 -0.575170
EDGE_ODO 781 782 0.270298 -0.114336 -0.431075
EDGE_ODO 782 783 0.611405 -0.011479 -0.001409
EDGE_ODO 783 784 0.240113 0.001039 -0.022196
EDGE_ODO 784 785 0.007959 -0.002926 -0.554001
EDGE_ODO 785 786 0.004434 -0.000587 -0.590466
EDGE_ODO 786 787 -0.002001 0.000044 -0.492560
EDGE_ODO 787 788 0.007208 -0.003016 -0.631388
EDGE_ODO 788 789 0.007538 -0.002876 -0.554007
EDGE_ODO 789 790 0.500376 -0.029812 -0.068057
EDGE_ODO 790 791 0.628826 0.029153 0.097815
EDGE_ODO 791 792 0.315704 0.029420 0.702590
EDGE_ODO 792 793 0.615391 0.019005 0.041490
EDGE_ODO 793 794 0.637735 0.016326 0.067824
EDGE_ODO 794 795 -0.033087 -0.024410 0.423241
EDGE_ODO 795 796 -0.015774 0.000648 0.650956
EDGE_ODO 796 797 0.294705 0.074097 0.255423
EDGE_ODO 797 798 0.626641 0.006060 0.046881
EDGE_ODO 798 799 0.635666 0.023992 0.062363
EDGE_ODO 799 800 0.634468 0.014510 0.069489
EDGE_ODO 800 801 0.637847 0.031241 0.082897
EDGE_ODO 801 802 0.632634 0.019958 0.054891
EDGE_ODO 802 803 0.630127 -0.088612 -0.168062
EDGE_ODO 803 804 0.635077 0.012853 0.053211
EDGE_ODO 804 805 0.636519 0.031282 0.073549
EDGE_ODO 805 806 0.606343 0.012170 0.038909
EDGE_ODO 806 807 0.189729 0.005119 0.292220
EDGE_ODO 807 808 0.003371 0.007327 0.958098
EDGE_ODO 808 809 0.587431 0.097914 0.147917
EDGE_ODO 809 810 0.627956 -0.080646 -0.136964
EDGE_ODO 810 811 0.612576 0.015533 -0.000815
EDGE_ODO 811 812 0.006046 0.000091 0.739463
EDGE_ODO 812 813 0.018109 0.013231 0.985482
EDGE_ODO 813 814 0.002006 0.002998 1.002590
EDGE_ODO 814 815 0.020425 0.007022 0.928829
EDGE_ODO 815 816 0.008370 0.002024 0.688367
EDGE_ODO 816 817 0.011362 -0.004578 -0.661788
EDGE_ODO 817 818 0.201346 -0.091729 -0.483386
EDGE_ODO 818 819 0.600994 -0.000021 0.016657
EDGE_ODO 819 820 0.604107 -0.012016 -0.038590
EDGE_ODO 820 821 0.557707 0.002574 0.018330
EDGE_ODO 821 822 0.002019 0.000160 0.773476
EDGE_ODO 822 823 0.012515 0.017002 0.933412
EDGE_ODO 823 824 0.631778 0.009322 -0.078655
EDGE_ODO 824 825 0.640608 -0.019581 -0.029178
EDGE_ODO 825 826 0.635727 0.086901 0.163404
EDGE_ODO 826 827 0.633058 -0.024805 -0.048406
EDGE_ODO 827 828 0.640515 0.016631 0.035640
EDGE_ODO 828 829 0.604311 -0.016371 -0.038614
EDGE_ODO 829 830 0.611353 -0.005562 -0.007256
EDGE_ODO 830 831 0.582292 -0.023325 -0.045648
EDGE_ODO 831 832 0.567969 0.005415 -0.002512
EDGE_ODO 832 833 0.256920 0.000340 0.139017
EDGE_ODO 833 834 0.004768 0.001527 1.059143
EDGE_ODO 834 835 0.011746 0.005469 0.781010
EDGE_ODO 835 836 0.015546 0.007972 0.947065
EDGE_ODO 836 837 0.017648 0.011594 1.040763
EDGE_ODO 837 838 0.013822 0.005479 0.865867
EDGE_ODO 838 839 0.001331 -0.000521 -0.216716
EDGE_ODO 839 840 0.014201 -0.005576 -0.560094
EDGE_ODO 840 841 0.018508 -0.004844 -0.614349
EDGE_ODO 841 842 0.244308 -0.051175 -0.229250
EDGE_ODO 842 843 0.571578 -0.004308 -0.001490
EDGE_ODO 843 844 0.632633 0.008356 -0.006975
EDGE_ODO 844 845 0.634632 -0.005065 -0.013668
EDGE_ODO 845 846 0.637586 0.012768 0.002757
EDGE_ODO 846 847 0.633522 -0.013243 -0.025675
EDGE_ODO 847 848 0.158686 0.003991 0.484189
EDGE_ODO 848 849 0.002564 0.003351 0.928473
EDGE_ODO 849 850 0.350597 0.124336 0.356364
EDGE_ODO 850 851 0.642798 -0.027661 -0.090713
EDGE_ODO 851 852 0.640836 -0.004293 0.015855
EDGE_ODO 852 853 0.610781 0.003140 -0.026553
EDGE_ODO 853 854 0.603861 -0.006364 0.003213
EDGE_ODO 854 855 0.610860 0.010420 -0.000693
EDGE_ODO 855 856 0.637641 -0.018640 -0.037084
EDGE_ODO 856 857 0.637311 0.003614 -0.006131
EDGE_ODO 857 858 0.636231 -0.022329 -0.050745
EDGE_ODO 858 859 0.507785 0.004334 -0.003406
EDGE_ODO 859 860 0.002497 0.001745 0.863794
EDGE_ODO 860 861 0.070325 0.071481 0.928711
EDGE_ODO 861 862 0.652508 -0.024736 -0.055891
EDGE_ODO 862 863 0.638309 -0.005836 -0.029014
EDGE_ODO 863 864 0.606532 -0.017964 0.001104
EDGE_ODO 864 865 0.604147 0.028266 0.061183
EDGE_ODO 865 866 0.579332 -0.011435 0.001982
EDGE_ODO 866 867 0.156548 0.001719 0.185575
EDGE_ODO 867 868 0.017881 0.010690 1.037717
EDGE_ODO 868 869 0.012235 0.005926 0.991656
EDGE_ODO 869 870 0.002231 -0.000124 1.013097
EDGE_ODO 870 871 0.001088 0.001679 0.986895
EDGE_ODO 871 872 0.008015 -0.000084 0.694560
EDGE_ODO 872 873 0.008522 -0.003526 -0.564717
EDGE_ODO 873 874 0.015858 -0.003778 -0.551904
EDGE_ODO 874 875 0.013521 -0.001487 -0.578534
EDGE_ODO 875 876 0.574406 -0.080596 -0.153354
EDGE_ODO 876 877 0.574770 -0.024813 -0.080909
EDGE_ODO 877 878 0.217632 0.014817 0.389316
EDGE_ODO 878 879 0.647020 0.057742 0.054681
EDGE_ODO 879 880 0.455025 -0.018050 -0.108582
EDGE_ODO 880 881 -0.043409 -0.000133 0.008718
EDGE_ODO 881 882 0.647486 -0.064933 -0.241227
EDGE_ODO 882 883 0.642883 -0.072854 -0.185824
EDGE_ODO 883 884 0.383517 -0.007350 -0.063028
EDGE_ODO 884 885 0.004929 0.003007 0.590777
EDGE_ODO 885 886 0.007741 0.006994 1.034072
EDGE_ODO 886 887 0.010004 0.001000 1.027322
EDGE_ODO 887 888 0.005011 0.003332 0.999568
EDGE_ODO 888 889 0.005294 0.002083 0.911927
EDGE_ODO 889 890 0.355203 0.095914 0.279682
EDGE_ODO 890 891 0.616728 -0.012401 -0.066427
EDGE_ODO 891 892 0.637263 -0.017865 -0.031981
EDGE_ODO 892 893 0.642710 0.035710 0.241471
EDGE_ODO 893 894 0.638528 0.083732 0.226070
EDGE_ODO 894 895 0.615722 0.105457 0.303953
EDGE_ODO 895 896 0.020155 0.000491 0.481484
EDGE_ODO 896 897 0.528670 0.158235 0.274351
EDGE_ODO 897 898 0.618615 0.002949 0.017900
EDGE_ODO 898 899 0.499807 -0.008373 -0.065092
EDGE_ODO 899 900 0.683722 0.007464 -0.000025
EDGE_ODO 900 901 0.579956 -0.019520 -0.061673
EDGE_ODO 901 902 0.644996 0.015819 0.027799
EDGE_ODO 902 903 0.494510 0.003386 -0.042100
EDGE_ODO 903 904 0.005815 0.000708 0.715026
EDGE_ODO 904 905 0.554057 0.035513 0.058326
EDGE_ODO 905 906 0.630376 0.024475 0.068969
EDGE_ODO 906 907 0.631021 0.007133 -0.005018
EDGE_ODO 907 908 0.637636 0.001891 0.024788
EDGE_ODO 908 909 0.628314 0.001550 -0.017825
EDGE_ODO 909 910 0.147710 -0.043678 -0.369688
EDGE_ODO 910 911 0.616085 0.011620 0.061065
EDGE_ODO 911 912 0.605554 0.006436 0.010902
EDGE_ODO 912 913 0.580860 0.003431 0.006628
EDGE_ODO 913 914 0.630196 -0.006309 -0.024572
EDGE_ODO 914 915 0.556525 -0.006690 -0.037260
EDGE_ODO 915 916 0.178865 0.104304 0.546671
EDGE_ODO 916 917 0.624756 -0.045966 -0.254265
EDGE_ODO 917 918 0.518933 -0.035276 -0.074995
EDGE_ODO 918 919 0.629099 -0.005797 -0.042335
EDGE_ODO 919 920 0.629899 -0.010656 -0.016202
EDGE_ODO 920 921 0.634457 -0.008549 -0.051374
EDGE_ODO 921 922 0.635258 -0.006313 -0.024873
EDGE_ODO 922 923 0.608430 -0.014168 -0.060475
EDGE_ODO 923 924 0.530888 -0.000682 0.019383
EDGE_ODO 924 925 0.009664 0.004698 0.510887
EDGE_ODO 925 926 0.598427 0.009230 0.018979
EDGE_ODO 926 927 0.627907 -0.001812 -0.020475
EDGE_ODO 927 928 0.640773 -0.000139 -0.006135
EDGE_ODO 928 929 0.636560 -0.000176 0.001919
EDGE_ODO 929 930 0.640386 -0.014253 -0.078843
EDGE_ODO 930 931 0.635431 -0.020570 -0.076099
EDGE_ODO 931 932 0.639769 -0.010067 -0.055067
EDGE_ODO 932 933 0.631644 -0.015304 -0.059766
EDGE_ODO 933 934 0.504140 0.003029 -0.005219
EDGE_ODO 934 935 0.005622 0.001555 0.696880
EDGE_ODO 935 936 0.001863 0.001286 0.945362
EDGE_ODO 936 937 0.551720 0.024485 0.062876
EDGE_ODO 937 938 0.601673 -0.055314 -0.173492
EDGE_ODO 938 939 0.633059 0.008315 0.027580
EDGE_ODO 939 940 0.636273 -0.027491 -0.082722
EDGE_ODO 940 941 0.635944 -0.015109 -0.050698
EDGE_ODO 941 942 0.551791 -0.000493 0.007207
EDGE_ODO 942 943 0.644097 -0.001397 0.091523
EDGE_ODO 943 944 0.639009 -0.005732 -0.053678
EDGE_ODO 944 945 0.635846 -0.012134 -0.052894
EDGE_ODO 945 946 0.179699 -0.002044 0.066572
EDGE_ODO 946 947 0.406915 0.138311 0.331627
EDGE_ODO 947 948 0.579846 -0.001426 -0.021963
EDGE_ODO 948 949 0.604761 -0.049058 -0.159219
EDGE_ODO 949 950 0.636468 -0.025408 -0.243519
EDGE_ODO 950 951 0.637412 -0.014316 -0.075046
EDGE_ODO 951 952 0.637647 0.028692 0.246962
EDGE_ODO 952 953 0.635715 0.017895 0.077527
EDGE_ODO 953 954 0.632201 -0.012369 -0.013007
EDGE_ODO 954 955 0.636040 -0.066402 -0.167279
EDGE_ODO 955 956 0.633169 -0.005303 -0.005934
EDGE_ODO 956 957 0.635780 -0.029022 -0.090789
EDGE_ODO 957 958 0.610078 -0.010922 -0.028564
EDGE_ODO 958 959 0.604449 -0.016600 -0.068060
EDGE_ODO 959 960 0.605875 0.054020 0.088370
EDGE_ODO 960 961 0.602054 -0.007561 -0.020089
EDGE_ODO 961 962 0.630743 0.063738 0.073005
EDGE_ODO 962 963 0.629692 0.069822 0.195655
EDGE_ODO 963 964 0.639791 -0.008273 -0.057447
EDGE_ODO 964 965 0.633282 -0.006211 -0.001478
EDGE_ODO 965 966 0.413197 -0.005006 -0.057147
EDGE_ODO 966 967 0.007510 0.002997 0.859092
EDGE_ODO 967 968 0.006374 0.000527 0.902649
EDGE_ODO 968 969 0.000997 0.000085 0.061289
EDGE_ODO 969 970 0.000000 0.000000 -0.000113
EDGE_ODO 970 971 0.361971 0.001286 0.001712
EDGE_ODO 971 972 0.616031 0.005441 0.007131
EDGE_ODO 972 973 0.597393 -0.119850 -0.282715
EDGE_ODO 973 974 0.636084 -0.002771 0.033166
EDGE_ODO 974 975 0.636019 0.005980 0.005775
EDGE_ODO 975 976 0.637784 0.010421 0.013983
EDGE_ODO 976 977 0.637920 -0.011711 -0.026304
EDGE_ODO 977 978 0.636711 0.018679 0.044825
EDGE_ODO 978 979 0.635616 -0.004880 -0.014420
EDGE_ODO 979 980 0.640402 0.020748 0.043464
EDGE_ODO 980 981 0.634599 -0.001102 0.002602
EDGE_ODO 981 982 0.582350 0.019314 0.039136
EDGE_ODO 982 983 0.606004 -0.005123 -0.005706
EDGE_ODO 983 984 0.606209 0.019467 0.054452
EDGE_ODO 984 985 0.610191 0.001384 0.017236
EDGE_ODO 985 986 0.638807 0.015817 0.032823
EDGE_ODO 986 987 0.637113 -0.009662 -0.040633
EDGE_ODO 987 988 0.633843 -0.002158 0.009656
EDGE_ODO 988 989 0.637783 0.006714 0.004244
EDGE_ODO 989 990 0.633086 -0.006222 -0.014570
EDGE_ODO 990 991 0.638433 0.009419 0.020655
EDGE_ODO 991 992 0.608534 -0.016202 -0.037230
EDGE_ODO 992 993 0.639975 0.012788 0.027838
EDGE_ODO 993 994 0.610172 -0.004541 -0.015063
EDGE_ODO 994 995 0.582700 0.014385 0.047816
EDGE_ODO 995 996 0.603243 0.013060 0.027432
EDGE_ODO 996 997 0.638105 -0.021586 -0.064337
EDGE_ODO 997 998 0.393437 0.003178 0.021791
EDGE_ODO 998 999 0.009526 0.010297 0.717647
EDGE_ODO 999 1000 0.631982 0.082779 0.148351
EDGE_ODO 1000 1001 0.637485 -0.061202 -0.321633
EDGE_ODO 1001 1002 0.630663 0.034533 0.091989
EDGE_ODO 1002 1003 0.637376 -0.055899 -0.180665
EDGE_ODO 1003 1004 0.634119 0.020824 0.062770
EDGE_ODO 1004 1005 0.602568 0.019724 0.067274
EDGE_ODO 1005 1006 0.609599 0.024909 0.082661
EDGE_ODO 1006 1007 0.575806 0.024121 0.097394
EDGE_ODO 1007 1008 0.296743 0.004461 0.166242
EDGE_ODO 1008 1009 0.169516 0.079531 0.456955
EDGE_ODO 1009 1010 0.635352 0.000090 0.046389
EDGE_ODO 1010 1011 0.629760 -0.000818 -0.047667
EDGE_ODO 1011 1012 0.630488 0.001328 0.037830
EDGE_ODO 1012 1013 0.638821 0.043192 0.110754
EDGE_ODO 1013 1014 0.624005 -0.081360 -0.179557
EDGE_ODO 1014 1015 0.637514 0.038828 0.081332
EDGE_ODO 1015 1016 0.781423 -0.009024 0.004462
EDGE_ODO 1016 1017 0.603503 0.011706 -0.057436
EDGE_ODO 1017 1018 0.577934 -0.006330 0.007000
EDGE_ODO 1018 1019 0.612439 0.031252 0.059177
EDGE_ODO 1019 1020 0.633556 -0.016343 -0.014332
EDGE_ODO 1020 1021 0.639472 -0.000168 -0.041050
EDGE_ODO 1021 1022 0.070832 0.000271 -0.007651
EDGE_ODO 1022 1023 0.011155 0.000820 0.086100
EDGE_ODO 1023 1024 0.645203 -0.002963 0.025849
EDGE_ODO 1024 1025 0.648616 0.019366 0.017058
EDGE_ODO 1025 1026 0.180366 -0.000503 0.006661
EDGE_ODO 1026 1027 0.004554 0.001979 0.914665
EDGE_ODO 1027 1028 0.157112 0.092209 0.562259
EDGE_ODO 1028 1029 0.581697 -0.003158 -0.022026
EDGE_ODO 1029 1030 0.602428 -0.021526 -0.077659
EDGE_ODO 1030 1031 0.635032 -0.016817 -0.051435
EDGE_ODO 1031 1032 0.639363 0.000529 0.006615
EDGE_ODO 1032 1033 0.641217 -0.014716 -0.042294
EDGE_ODO 1033 1034 0.158807 -0.001999 -0.209870
EDGE_ODO 1034 1035 0.008238 -0.003621 -0.612225
EDGE_ODO 1035 1036 -0.001359 0.001797 -0.564077
EDGE_ODO 1036 1037 0.377894 -0.111886 -0.234247
EDGE_ODO 1037 1038 0.646416 0.075596 0.094513
EDGE_ODO 1038 1039 0.688482 -0.025514 -0.028564
EDGE_ODO 1039 1040 -0.001379 -0.000331 0.637825
EDGE_ODO 1040 1041 -0.001323 0.000722 1.029242
EDGE_ODO 1041 1042 0.008412 0.001092 0.999819
EDGE_ODO 1042 1043 0.010022 0.000228 0.981327
EDGE_ODO 1043 1044 -0.013611 -0.010605 1.005709
EDGE_ODO 1044 1045 -0.002205 0.000124 -0.113838
EDGE_ODO 1045 1046 -0.013495 0.002112 -0.385242
EDGE_ODO 1046 1047 -0.019733 0.005898 -0.555401
EDGE_ODO 1047 1048 0.344577 -0.119470 -0.312747
EDGE_ODO 1048 1049 0.648714 0.010953 0.017287
EDGE_ODO 1049 1050 0.646643 0.027376 0.075802
EDGE_ODO 1050 1051 0.640459 -0.024485 -0.073431
EDGE_ODO 1051 1052 0.610691 0.014345 0.058571
EDGE_ODO 1052 1053 0.402418 -0.011887 -0.047093
EDGE_ODO 1053 1054 0.003611 0.000205 0.781659
EDGE_ODO 1054 1055 -0.004781 -0.004680 1.092196
EDGE_ODO 1055 1056 -0.018363 -0.010043 1.033833
EDGE_ODO 1056 1057 -0.018154 -0.006925 1.003259
EDGE_ODO 1057 1058 0.000938 0.000345 0.933655
EDGE_ODO 1058 1059 0.584768 -0.021106 -0.077373
EDGE_ODO 1059 1060 0.639269 -0.001644 0.007968
EDGE_ODO 1060 1061 0.453408 -0.013544 -0.118843
EDGE_ODO 1061 1062 0.018407 -0.004707 -0.560522
EDGE_ODO 1062 1063 -0.002214 0.000350 -0.593849
EDGE_ODO 1063 1064 0.301240 -0.082154 -0.262828
EDGE_ODO 1064 1065 0.616850 0.043972 0.123884
EDGE_ODO 1065 1066 0.592225 -0.017770 -0.054423
EDGE_ODO 1066 1067 0.012072 0.002120 0.435817
EDGE_ODO 1067 1068 0.005144 0.001599 0.677089
EDGE_ODO 1068 1069 0.004939 0.001172 0.172450
EDGE_ODO 1069 1070 0.007958 -0.000773 -0.535379
EDGE_ODO 1070 1071 0.555140 -0.067868 -0.125252
EDGE_ODO 1071 1072 0.529254 -0.007703 -0.066861
EDGE_ODO 1072 1073 -0.002029 0.000845 -0.507518
EDGE_ODO 1073 1074 0.561059 -0.025535 -0.032676
EDGE_ODO 1074 1075 0.609431 -0.004618 0.018200
EDGE_ODO 1075 1076 0.065495 0.001481 0.413124
EDGE_ODO 1076 1077 0.014156 0.014258 0.821400
EDGE_ODO 1077 1078 0.639455 0.059020 0.049931
EDGE_ODO 1078 1079 0.600624 0.018085 0.067237
EDGE_ODO 1079 1080 -0.000999 -0.000009 -0.477168
EDGE_ODO 1080 1081 0.531360 -0.067180 -0.117428
EDGE_ODO 1081 1082 0.224996 0.001967 0.288640
EDGE_ODO 1082 1083 -0.010460 -0.011699 1.057628
EDGE_ODO 1083 1084 0.006499 0.006279 0.991072
EDGE_ODO 1084 1085 0.020056 0.011249 0.977075
EDGE_ODO 1085 1086 0.570700 0.124357 0.228493
EDGE_ODO 1086 1087 0.610443 -0.014761 -0.013224
EDGE_ODO 1087 1088 0.601056 0.009570 -0.017713
EDGE_ODO 1088 1089 0.071683 -0.000572 -0.098521
EDGE_ODO 1089 1090 0.001412 -0.000123 -0.621871
EDGE_ODO 1090 1091 0.549397 -0.084430 -0.180259
EDGE_ODO 1091 1092 0.637703 -0.006996 -0.017526
EDGE_ODO 1092 1093 0.588555 -0.015042 -0.067587
EDGE_ODO 1093 1094 0.004150 -0.003600 -0.406987
EDGE_ODO 1094 1095 0.025922 -0.007302 -0.593448
EDGE_ODO 1095 1096 0.013621 -0.004396 -0.574854
EDGE_ODO 1096 1097 0.359533 -0.076883 -0.217554
EDGE_ODO 1097 1098 0.655276 -0.022381 -0.058348
EDGE_ODO 1098 1099 0.601562 -0.024926 -0.098508
EDGE_ODO 1099 1100 0.019767 0.000659 0.359334
EDGE_ODO 1100 1101 0.259176 0.070164 0.262689
EDGE_ODO 1101 1102 0.009767 -0.003058 -0.397627
EDGE_ODO 1102 1103 0.624811 -0.021021 -0.035899
EDGE_ODO 1103 1104 0.653192 -0.005160 -0.029757
EDGE_ODO 1104 1105 0.643770 -0.007193 -0.019886
EDGE_ODO 1105 1106 0.496058 -0.003395 -0.027229
EDGE_ODO 1106 1107 0.007526 0.002867 0.253134
EDGE_ODO 1107 1108 0.625868 0.043204 0.005957
EDGE_ODO 1108 1109 0.646003 -0.046291 -0.106175
EDGE_ODO 1109 1110 0.614215 -0.005255 -0.051510
EDGE_ODO 1110 1111 0.553199 -0.082221 -0.103442
EDGE_ODO 1111 1112 0.569389 0.118635 0.343250
EDGE_ODO 1112 1113 0.640195 -0.016890 -0.097447
EDGE_ODO 1113 1114 0.617738 0.000372 0.015293
EDGE_ODO 1114 1115 0.584111 0.002651 -0.017913
EDGE_ODO 1115 1116 0.648872 0.022176 0.034505
EDGE_ODO 1116 1117 0.098251 0.000884 -0.129855
EDGE_ODO 1117 1118 0.002069 -0.000845 -0.611494
EDGE_ODO 1118 1119 -0.002904 0.000748 -0.435035
EDGE_ODO 1119 1120 0.606241 -0.045059 -0.065468
EDGE_ODO 1120 1121 0.209582 -0.004500 -0.120622
EDGE_ODO 1121 1122 0.003037 -0.001969 -0.554282
EDGE_ODO 1122 1123 0.587650 -0.008795 0.015249
EDGE_ODO 1123 1124 0.579143 0.038116 0.096775
EDGE_ODO 1124 1125 0.646108 -0.002624 0.011822
EDGE_ODO 1125 1126 0.089655 0.001862 0.336774
EDGE_ODO 1126 1127 -0.000544 0.000812 1.050094
EDGE_ODO 1127 1128 -0.002103 -0.000314 0.980680
EDGE_ODO 1128 1129 0.011252 0.005103 1.008728
EDGE_ODO 1129 1130 0.583423 0.017793 0.012045
EDGE_ODO 1130 1131 0.750481 -0.194337 -0.435123
EDGE_ODO 1131 1132 0.640243 -0.002464 -0.021306
EDGE_ODO 1132 1133 0.584277 -0.021867 -0.040363
EDGE_ODO 1133 1134 0.266576 -0.000300 -0.098860
EDGE_ODO 1134 1135 0.009102 -0.002652 -0.559816
EDGE_ODO 1135 1136 0.002258 -0.003305 -0.565768
EDGE_ODO 1136 1137 0.306973 -0.042413 -0.186154
EDGE_ODO 1137 1138 0.654763 -0.011031 -0.017798
EDGE_ODO 1138 1139 0.527941 0.000918 -0.077053
EDGE_ODO 1139 1140 -0.002013 0.000175 -0.486547
EDGE_ODO 1140 1141 0.002239 -0.000031 -0.555810
EDGE_ODO 1141 1142 0.372375 -0.136555 -0.370794
EDGE_ODO 1142 1143 0.629856 0.033762 0.085383
EDGE_ODO 1143 1144 0.612945 -0.010504 -0.034290
EDGE_ODO 1144 1145 0.611105 -0.003802 -0.029142
EDGE_ODO 1145 1146 0.609486 -0.000759 0.016125
EDGE_ODO 1146 1147 0.610275 0.036873 0.068649
EDGE_ODO 1147 1148 0.611337 -0.001965 0.012226
EDGE_ODO 1148 1149 0.074700 0.001638 0.503169
EDGE_ODO 1149 1150 -0.006116 -0.002785 0.988331
EDGE_ODO 1150 1151 0.014648 0.006739 0.987862
EDGE_ODO 1151 1152 0.009432 0.009802 1.036217
EDGE_ODO 1152 1153 0.010437 0.002034 0.996659
EDGE_ODO 1153 1154 0.277143 0.156011 0.537087
EDGE_ODO 1154 1155 0.634179 -0.005082 -0.053384
EDGE_ODO 1155 1156 0.609122 -0.005838 0.006338
EDGE_ODO 1156 1157 0.580367 0.023367 0.106616
EDGE_ODO 1157 1158 0.608842 -0.050707 -0.133293
EDGE_ODO 1158 1159 0.600995 -0.037895 -0.099499
EDGE_ODO 1159 1160 0.637109 -0.021604 -0.142588
EDGE_ODO 1160 1161 0.638306 -0.057065 -0.094949
EDGE_ODO 1161 1162 0.639583 0.008532 0.053343
EDGE_ODO 1162 1163 0.646089 0.001306 -0.009750
EDGE_ODO 1163 1164 0.642172 0.018842 0.080564
EDGE_ODO 1164 1165 0.530061 0.001899 -0.020695
EDGE_ODO 1165 1166 0.004850 0.001220 0.493564
EDGE_ODO 1166 1167 0.000199 0.000971 0.944839
EDGE_ODO 1167 1168 0.004314 0.002779 0.911345
EDGE_ODO 1168 1169 0.046124 0.045485 0.829043
EDGE_ODO 1169 1170 0.595970 0.008443 0.008952
EDGE_ODO 1170 1171 0.643652 0.016020 0.034262
EDGE_ODO 1171 1172 0.608254 -0.008594 -0.059650
EDGE_ODO 1172 1173 0.635753 0.004699 0.011813
EDGE_ODO 1173 1174 0.642740 -0.015092 -0.065577
EDGE_ODO 1174 1175 0.635529 -0.015560 -0.030331
EDGE_ODO 1175 1176 0.639892 -0.002591 -0.040430
EDGE_ODO 1176 1177 0.631909 0.000862 0.005069
EDGE_ODO 1177 1178 0.638012 -0.011209 -0.043943
EDGE_ODO 1178 1179 0.631478 0.010553 0.032543
EDGE_ODO 1179 1180 0.271033 0.000088 -0.003969
EDGE_ODO 1180 1181 0.006369 0.000562 0.838184
EDGE_ODO 1181 1182 0.043362 0.037473 0.721003
EDGE_ODO 1182 1183 0.631233 0.006864 0.028504
EDGE_ODO 1183 1184 0.641740 0.028391 0.073043
EDGE_ODO 1184 1185 0.636568 -0.012623 -0.029018
EDGE_ODO 1185 1186 0.637011 0.023759 0.069721
EDGE_ODO 1186 1187 0.658018 -0.006443 -0.033774
EDGE_ODO 1187 1188 0.632380 0.009510 0.021371
EDGE_ODO 1188 1189 0.635906 -0.012539 0.021673
EDGE_ODO 1189 1190 0.298422 -0.000493 0.007995
EDGE_ODO 1190 1191 -0.001378 -0.000184 0.920177
EDGE_ODO 1191 1192 0.072942 0.060647 0.797518
EDGE_ODO 1192 1193 0.612651 -0.026766 -0.132178
EDGE_ODO 1193 1194 0.586582 0.016272 0.041820
EDGE_ODO 1194 1195 0.636169 0.007659 0.052000
EDGE_ODO 1195 1196 0.637063 -0.002513 -0.173199
EDGE_ODO 1196 1197 0.631038 0.007284 0.010757
EDGE_ODO 1197 1198 0.639335 0.035252 0.257911
EDGE_ODO 1198 1199 0.625974 -0.039991 -0.215702
EDGE_ODO 1199 1200 0.642662 0.020896 0.068112
EDGE_ODO 1200 1201 0.632369 0.008692 0.054836
EDGE_ODO 1201 1202 0.636732 0.009332 0.021910
EDGE_ODO 1202 1203 0.605583 0.016194 -0.091218
EDGE_ODO 1203 1204 0.604704 -0.076543 -0.148349
EDGE_ODO 1204 1205 0.579744 0.012270 0.028212
EDGE_ODO 1205 1206 0.604024 0.022981 0.059672
EDGE_ODO 1206 1207 0.628833 -0.063349 -0.087865
EDGE_ODO 1207 1208 0.641879 0.018435 0.062871
EDGE_ODO 1208 1209 0.636239 0.001912 -0.003661
EDGE_ODO 1209 1210 0.630195 0.024749 0.018688
EDGE_ODO 1210 1211 0.632941 -0.047678 -0.070430
EDGE_ODO 1211 1212 0.633914 0.009606 0.052050
EDGE_ODO 1212 1213 0.635719 0.026579 0.075094
EDGE_ODO 1213 1214 0.748508 -0.025001 -0.220810
EDGE_ODO 1214 1215 0.609440 0.015872 0.060134
EDGE_ODO 1215 1216 0.569604 0.086391 0.218432
EDGE_ODO 1216 1217 0.604098 -0.020910 -0.018798
EDGE_ODO 1217 1218 0.590246 0.008252 -0.050669
EDGE_ODO 1218 1219 0.650992 0.006557 0.030598
EDGE_ODO 1219 1220 0.586496 0.026678 0.090738
EDGE_ODO 1220 1221 -0.001846 -0.000482 -0.452753
EDGE_ODO 1221 1222 0.012937 -0.005157 -0.597307
EDGE_ODO 1222 1223 0.011537 -0.003845 -0.559627
EDGE_ODO 1223 1224 0.574470 -0.089064 -0.182908
EDGE_ODO 1224 1225 0.625700 0.003903 0.013764
EDGE_ODO 1225 1226 0.106504 -0.000109 -0.016731
EDGE_ODO 1226 1227 0.000000 0.000000 -0.000662
EDGE_LOOP 19 166 -2.459689 0.241111 0.252800
EDGE_LOOP 19 172 1.067903 0.915786 0.149470
EDGE_LOOP 25 172 -2.539634 0.852630 -0.029860
EDGE_LOOP 25 178 1.225223 0.672079 -0.102480
EDGE_LOOP 32 178 -2.020007 -0.239771 0.715180
EDGE_LOOP 32 183 -0.092559 0.424181 0.041600
EDGE_LOOP 44 189 -2.265706 -0.570857 0.197720
EDGE_LOOP 44 195 1.302289 -0.133004 -0.005280
EDGE_LOOP 50 195 -2.374379 -0.253682 0.216120
EDGE_LOOP 50 201 1.291572 0.086248 -0.050700
EDGE_LOOP 50 203 2.550695 0.035722 -0.084650
EDGE_LOOP 61 203 -2.852494 0.122053 0.077870
EDGE_LOOP 61 209 0.730780 0.072970 0.008890
EDGE_LOOP 67 209 -2.822142 0.138051 -0.004460
EDGE_LOOP 67 220 0.783704 -1.176736 -1.412900
EDGE_LOOP 81 220 -0.868391 -0.009825 -0.046880
EDGE_LOOP 81 226 2.836453 0.058719 0.049150
EDGE_LOOP 87 226 -0.459640 0.184679 0.343830
EDGE_LOOP 87 231 1.060624 0.863823 0.294010
EDGE_LOOP 94 231 -2.231597 0.316386 0.180250
EDGE_LOOP 94 241 2.816677 0.483252 0.041400
EDGE_LOOP 101 241 -1.436886 0.314097 -0.098870
EDGE_LOOP 101 247 2.168416 0.280309 -0.003870
EDGE_LOOP 107 247 -1.536762 0.375104 0.051050
EDGE_LOOP 107 254 0.592787 -1.020976 -0.778000
EDGE_LOOP 107 256 0.707309 -1.207974 -1.163740
EDGE_LOOP 107 258 0.976528 -2.202656 -1.227730
EDGE_LOOP 114 254 -0.931502 -0.024068 0.567580
EDGE_LOOP 114 256 -0.723652 0.045801 0.181840
EDGE_LOOP 114 258 0.306031 0.086093 0.117850
EDGE_LOOP 121 266 0.737190 -0.017200 -0.118240
EDGE_LOOP 126 266 -1.480397 0.199141 0.062860
EDGE_LOOP 126 272 2.350796 0.151313 0.025060
EDGE_LOOP 132 272 -1.375990 0.193564 -0.069560
EDGE_LOOP 132 278 2.220707 0.319882 -0.000500
EDGE_LOOP 138 278 -1.378019 0.626427 0.016990
EDGE_LOOP 138 284 2.391863 0.324204 -0.075755
EDGE_LOOP 151 284 -2.650853 -0.975732 1.454550
EDGE_LOOP 151 291 -1.498500 0.364159 0.021790
EDGE_LOOP 151 297 2.217429 -0.068852 -0.223460
EDGE_LOOP 19 305 -1.044094 0.006772 0.289080
EDGE_LOOP 19 315 1.796874 2.231292 1.917670
EDGE_LOOP 19 337 1.676359 1.138847 2.369960
EDGE_LOOP 19 342 2.451034 1.014379 -0.106190
EDGE_LOOP 19 1016 0.039741 0.374380 -2.852145
EDGE_LOOP 25 315 -1.587705 2.017012 1.738340
EDGE_LOOP 25 337 -1.901147 0.963583 2.190630
EDGE_LOOP 25 342 -1.161097 0.702932 -0.285520
EDGE_LOOP 25 367 0.878430 -0.159970 0.910020
EDGE_LOOP 25 374 2.840920 -0.557124 -0.601610
EDGE_LOOP 25 1008 0.839778 0.868849 2.614245
EDGE_LOOP 25 1010 0.208016 0.817490 -3.078070
EDGE_LOOP 32 367 -1.650170 -1.061836 1.727680
EDGE_LOOP 32 374 -0.018221 0.098268 0.216050
EDGE_LOOP 32 382 0.235335 2.451229 2.821510
EDGE_LOOP 32 387 0.993162 2.566664 0.274705
EDGE_LOOP 32 1003 0.362306 -0.196467 3.066965
EDGE_LOOP 32 1008 -2.427177 -0.386394 -2.851280
EDGE_LOOP 32 1010 -2.821790 -0.882420 -2.260410
EDGE_LOOP 44 437 0.696650 -2.771050 -0.205460
EDGE_LOOP 44 454 -1.152851 -1.893499 1.516715
EDGE_LOOP 44 467 1.218289 1.232598 1.113140
EDGE_LOOP 44 494 2.154809 -0.649767 -0.306530
EDGE_LOOP 44 988 2.712903 -0.996652 3.047100
EDGE_LOOP 44 994 -0.892482 -0.642947 3.093485
EDGE_LOOP 50 467 -2.756210 1.060141 1.334540
EDGE_LOOP 50 494 -1.429190 -0.570621 -0.085130
EDGE_LOOP 50 500 2.268340 -0.490379 0.263640
EDGE_LOOP 50 982 2.823043 -0.459737 -3.096925
EDGE_LOOP 50 988 -0.808543 -0.786485 -3.014685
EDGE_LOOP 61 508 -1.449200 2.112314 1.477670
EDGE_LOOP 61 522 -1.053664 -0.045704 0.099000
EDGE_LOOP 61 528 2.466833 0.101003 -0.088240
EDGE_LOOP 61 976 1.165811 -0.076649 -3.054440
EDGE_LOOP 61 982 -2.503567 -0.322810 -2.934405
EDGE_LOOP 67 528 -1.085869 0.142906 -0.101590
EDGE_LOOP 67 532 1.038480 -0.184540 -0.187270
EDGE_LOOP 67 556 0.875960 2.072499 -1.608750
EDGE_LOOP 67 564 0.934530 -0.521388 -1.425090
EDGE_LOOP 67 567 1.078640 -1.127738 0.068640
EDGE_LOOP 67 570 2.695842 -0.809094 0.129960
EDGE_LOOP 67 965 0.918287 -0.079133 1.692110
EDGE_LOOP 67 976 -2.389147 -0.017363 -3.067790
EDGE_LOOP 81 528 -2.540636 -1.571989 1.264430
EDGE_LOOP 81 532 -1.788049 0.441390 1.178750
EDGE_LOOP 81 564 -1.479377 0.271115 -0.059070
EDGE_LOOP 81 567 -0.856391 0.288913 1.434660
EDGE_LOOP 81 570 -0.839522 1.937122 1.495980
EDGE_LOOP 81 575 -0.874481 2.499055 -2.998155
EDGE_LOOP 81 588 2.585410 -0.398590 0.032990
EDGE_LOOP 81 959 1.715988 -0.147087 2.880085
EDGE_LOOP 81 965 -1.915695 0.345142 3.058130
EDGE_LOOP 87 588 -0.567044 -0.325829 0.327670
EDGE_LOOP 87 597 1.033167 2.497995 1.747590
EDGE_LOOP 87 604 1.169979 2.733059 -1.279630
EDGE_LOOP 87 953 1.577352 0.448961 -2.823050
EDGE_LOOP 87 959 -1.472035 -0.337676 -3.108420
EDGE_LOOP 94 597 -2.073375 1.943112 1.633830
EDGE_LOOP 94 604 -1.910764 2.161126 -1.393390
EDGE_LOOP 94 616 -0.567925 0.985809 1.728270
EDGE_LOOP 94 632 -0.258230 -0.057031 -0.961010
EDGE_LOOP 94 637 2.180403 0.487495 0.048180
EDGE_LOOP 94 947 1.819562 0.355845 -2.812985
EDGE_LOOP 94 953 -1.765303 -0.154451 -2.936810
EDGE_LOOP 101 637 -2.066317 0.407256 -0.092090
EDGE_LOOP 101 642 0.702540 0.058990 -0.158060
EDGE_LOOP 101 645 1.268565 0.117224 1.302975
EDGE_LOOP 101 657 0.970735 1.275733 -1.200065
EDGE_LOOP 101 663 2.721944 0.234701 0.154665
EDGE_LOOP 101 665 2.743644 0.343689 1.484400
EDGE_LOOP 101 939 1.736598 0.040097 -3.139770
EDGE_LOOP 101 944 -1.229619 0.290529 3.034680
EDGE_LOOP 101 947 -2.442020 0.327348 -2.953255
EDGE_LOOP 101 1138 -0.044980 -2.128090 1.406340
EDGE_LOOP 101 1188 1.043367 -1.716987 3.078145
EDGE_LOOP 107 642 -2.988279 0.073654 -0.103140
EDGE_LOOP 107 645 -2.426303 0.162871 1.357895
EDGE_LOOP 107 663 -0.981564 0.359950 0.209585
EDGE_LOOP 107 665 -0.965880 0.469964 1.539320
EDGE_LOOP 107 680 -1.101202 1.597727 -1.082720
EDGE_LOOP 107 683 -0.373238 0.237253 -0.978670
EDGE_LOOP 107 704 -0.174419 -0.744617 -2.364960
EDGE_LOOP 107 714 -0.001585 -1.518738 0.040750
EDGE_LOOP 107 730 1.719547 -1.998733 -2.849795
EDGE_LOOP 107 929 0.482300 -2.592003 1.960350
EDGE_LOOP 107 935 -0.294578 0.372182 2.191385
EDGE_LOOP 107 939 -1.954743 0.111552 -3.084850
EDGE_LOOP 107 1147 -0.324254 -1.481983 0.140150
EDGE_LOOP 107 1150 0.364219 -1.279939 1.435915
EDGE_LOOP 114 663 -2.629135 -1.250276 1.555165
EDGE_LOOP 114 665 -2.732868 -1.210420 2.884900
EDGE_LOOP 114 683 -2.373686 -0.684712 0.366910
EDGE_LOOP 114 704 -1.372213 -0.710183 -1.019380
EDGE_LOOP 114 714 -0.579045 -0.714588 1.386330
EDGE_LOOP 114 730 0.273187 0.855886 -1.504215
EDGE_LOOP 114 929 0.575175 -0.482602 -2.977255
EDGE_LOOP 114 935 -2.487642 -0.577907 -2.746220
EDGE_LOOP 114 1147 -0.686929 -1.020901 1.485730
EDGE_LOOP 114 1150 -0.730123 -0.304695 2.781495
EDGE_LOOP 114 1158 1.965070 -0.055808 0.083960
EDGE_LOOP 114 1175 2.570804 -0.255481 2.913020
EDGE_LOOP 121 754 -0.176774 -0.090674 -0.104160
EDGE_LOOP 121 759 2.795658 -0.372882 -0.047990
EDGE_LOOP 121 923 -0.359940 -0.158411 2.816780
EDGE_LOOP 121 1158 -1.765259 0.015433 0.094390
EDGE_LOOP 121 1164 1.939145 -0.416391 -0.071910
EDGE_LOOP 121 1175 -1.157476 -0.177912 2.923450
EDGE_LOOP 126 754 -2.366181 -0.037747 0.076940
EDGE_LOOP 126 759 0.608470 0.220030 0.133110
EDGE_LOOP 126 762 1.256487 0.430359 1.248090
EDGE_LOOP 126 923 -2.534151 -0.137367 2.997880
EDGE_LOOP 126 1164 -0.226200 0.022965 0.109190
EDGE_LOOP 132 762 -2.439040 0.574751 1.153470
EDGE_LOOP 132 778 -1.013501 1.621706 1.561210
EDGE_LOOP 132 792 -0.882133 1.768911 -1.797920
EDGE_LOOP 132 800 1.214689 0.372313 0.005900
EDGE_LOOP 132 907 2.246094 -0.166035 -3.063890
EDGE_LOOP 132 911 0.287430 -0.091199 2.898905
EDGE_LOOP 132 1084 -0.744736 -2.350749 -1.849821
EDGE_LOOP 138 800 -2.384799 0.661256 0.023390
EDGE_LOOP 138 806 1.314158 0.976356 0.186155
EDGE_LOOP 138 821 1.339602 0.836157 -1.728640
EDGE_LOOP 138 823 1.391787 0.830084 -0.201680
EDGE_LOOP 138 903 0.257877 0.385262 2.468460
EDGE_LOOP 138 904 0.211460 0.361905 2.918540
EDGE_LOOP 138 907 -1.344137 0.141028 -3.046400
EDGE_LOOP 151 828 -2.783661 1.064375 1.529770
EDGE_LOOP 151 847 -2.892269 0.357584 -1.720550
EDGE_LOOP 151 855 0.421564 -0.036975 -0.072980
EDGE_LOOP 151 895 -0.308314 0.072387 -2.940720
EDGE_LOOP 151 897 -0.653297 -0.340780 -2.145820
EDGE_LOOP 151 1029 2.658346 -1.322835 -1.612160
EDGE_LOOP 157 297 -1.431635 -0.047784 -0.192100
EDGE_LOOP 157 305 2.323872 -0.569035 0.026110
EDGE_LOOP 157 1029 -0.951615 -1.287326 -1.580800
EDGE_LOOP 157 1217 -0.999593 -2.295582 1.588120
EDGE_LOOP 163 297 -0.152489 -1.643361 1.294160
EDGE_LOOP 163 305 0.683999 2.054722 1.512370
EDGE_LOOP 163 1029 1.123157 -1.269718 -0.094540
EDGE_LOOP 163 1217 2.123761 -1.402656 3.074380
EDGE_LOOP 166 297 -2.448623 -0.097923 -0.181930
EDGE_LOOP 166 305 1.311990 -0.580954 0.036280
EDGE_LOOP 166 1016 2.453320 -0.496114 -3.104945
EDGE_LOOP 166 1029 -1.956023 -1.332520 -1.570630
EDGE_LOOP 172 305 -2.223813 -0.584373 0.139610
EDGE_LOOP 172 315 0.916741 1.192284 1.768200
EDGE_LOOP 172 328 0.389353 2.701274 -1.418880
EDGE_LOOP 172 337 0.634889 0.129966 2.220490
EDGE_LOOP 172 342 1.382392 -0.108475 -0.255660
EDGE_LOOP 172 1010 2.747473 0.046909 -3.048210
EDGE_LOOP 172 1016 -1.097321 -0.382262 -3.001615
EDGE_LOOP 178 342 -2.376956 -0.213431 -0.183040
EDGE_LOOP 178 367 -0.259854 -0.863160 1.012500
EDGE_LOOP 178 374 1.732968 -1.057467 -0.499130
EDGE_LOOP 178 1003 1.826983 -1.529516 2.351785
EDGE_LOOP 178 1008 -0.403552 0.156306 2.716725
EDGE_LOOP 178 1010 -1.026746 0.040588 -2.975590
EDGE_LOOP 183 367 -1.618063 -1.419954 1.686080
EDGE_LOOP 183 374 0.060720 -0.328723 0.174450
EDGE_LOOP 183 382 0.411911 2.011657 2.779910
EDGE_LOOP 183 387 1.173883 2.095476 0.233105
EDGE_LOOP 183 1003 0.428660 -0.639029 3.025365
EDGE_LOOP 183 1008 -2.366308 -0.712782 -2.892880
EDGE_LOOP 189 400 -1.948699 2.200613 -1.116370
EDGE_LOOP 189 414 -0.254807 -1.783532 -1.508360
EDGE_LOOP 189 454 0.831360 -1.515476 1.318995
EDGE_LOOP 189 994 1.332308 -0.340434 2.895765
EDGE_LOOP 195 437 -0.591701 -2.641206 -0.200180
EDGE_LOOP 195 467 -0.091210 1.365140 1.118420
EDGE_LOOP 195 484 0.655807 2.573505 -2.009240
EDGE_LOOP 195 494 0.855236 -0.512254 -0.301250
EDGE_LOOP 195 988 1.415155 -0.856188 3.052380
EDGE_LOOP 195 994 -2.192048 -0.521524 3.098765
EDGE_LOOP 201 494 -2.683977 -0.793909 -0.034430
EDGE_LOOP 201 500 1.004735 -0.526385 0.314340
EDGE_LOOP 201 982 1.557172 -0.467671 -3.046225
EDGE_LOOP 201 988 -2.053188 -0.978041 -2.963985
EDGE_LOOP 203 500 -0.236863 -0.548090 0.348290
EDGE_LOOP 203 508 1.553867 1.875066 1.399800
EDGE_LOOP 203 522 1.780329 -0.307182 0.021130
EDGE_LOOP 203 982 0.313263 -0.470658 -3.012275
EDGE_LOOP 209 508 -2.161765 2.058644 1.468780
EDGE_LOOP 209 522 -1.785428 -0.102806 0.090110
EDGE_LOOP 209 528 1.736233 0.012599 -0.097130
EDGE_LOOP 209 976 0.433683 -0.153481 -3.063330
EDGE_LOOP 220 528 -1.597199 -1.638814 1.311310
EDGE_LOOP 220 532 -0.939792 0.407621 1.225630
EDGE_LOOP 220 564 -0.623480 0.251998 -0.012190
EDGE_LOOP 220 567 -0.002013 0.298972 1.481540
EDGE_LOOP 220 570 -0.062402 1.946160 1.542860
EDGE_LOOP 220 575 -0.123656 2.505837 -2.951275
EDGE_LOOP 220 959 2.587973 -0.016000 2.926965
EDGE_LOOP 220 965 -1.062787 0.305497 3.105010
EDGE_LOOP 226 231 1.660221 0.126920 -0.049820
EDGE_LOOP 226 588 -0.273207 -0.444423 -0.016160
EDGE_LOOP 226 597 2.185242 1.674700 1.403760
EDGE_LOOP 226 953 2.006857 -0.437847 3.116305
EDGE_LOOP 226 959 -1.129223 -0.150509 2.830935
EDGE_LOOP 923 1175 0.749610 0.273000 0.106670
EDGE_LOOP 929 1175 -2.005899 0.102421 -0.392910
EDGE_LOOP 939 1188 0.696432 1.755817 -0.065270
EDGE_LOOP 1029 1217 1.008685 -0.037889 -3.114265
EDGE_LOOP 1044 1217 2.098504 -0.838430 0.479890
EDGE_LOOP 1050 1210 -0.300235 -2.565672 1.536560
EDGE_LOOP 1050 1217 0.231465 1.668290 1.559140
EDGE_LOOP 1056 1217 2.128743 -0.472375 -0.931160
EDGE_LOOP 1061 1210 1.269232 -1.441319 -2.909610
EDGE_LOOP 1075 1210 -1.662329 0.436026 -1.599840
EDGE_LOOP 1084 1210 2.070374 1.896269 1.836205
EDGE_LOOP 1088 1210 0.609503 -1.485166 0.536770
EDGE_LOOP 1093 1210 -0.233452 -0.529583 1.494360
EDGE_LOOP 1098 1210 -0.378280 -0.172442 -2.937025
EDGE_LOOP 1138 1188 0.583736 -1.006358 1.671805
EDGE_LOOP 1147 1188 -2.232188 0.113982 2.992915
EDGE_LOOP 1150 1188 -0.789302 2.834301 1.697150
EDGE_LOOP 1158 1175 0.586855 -0.249767 2.829060
